2.687392351083853704e-07
2.386884856539742188e-07
1.873949230163288663e-07
1.690977059013468820e-07
1.925097881223003806e-07
2.062971895375116582e-07
1.860095275687776882e-07
1.465939072052332533e-07
1.291977882753568737e-07
1.460762677781411169e-07
1.583763220746828072e-07
1.446558458312601502e-07
1.145407712133581062e-07
9.893194444272757536e-08
1.107006524808725169e-07
1.213286140920209878e-07
1.124672981452941881e-07
8.966858883846812874e-08
7.589991444323061333e-08
8.391224172415880558e-08
9.292311817455794826e-08
8.731337225176910385e-08
7.013109761311017657e-08
5.835842600261217251e-08
6.357336510458908403e-08
7.104247075314980665e-08
6.773115113112803696e-08
5.490466240973202398e-08
4.496916665515908401e-08
4.817392274215283148e-08
5.428627748446901693e-08
5.247797270946159430e-08
4.294857696937685106e-08
3.472440115375770130e-08
3.650671908644264084e-08
4.142153654451797193e-08
4.061701301805473212e-08
3.360565343053195307e-08
2.687249526508072404e-08
2.767655826799259371e-08
3.158452874018070348e-08
3.140235323927522268e-08
2.627404180988327073e-08
2.083498766388337408e-08
2.099383615296913748e-08
2.405438491039856702e-08
2.425010164423779259e-08
2.053766406814961778e-08
1.618575473514256951e-08
1.593704873129817148e-08
1.830640955466572147e-08
1.870674980021276377e-08
1.604029661230031992e-08
1.259342788935721771e-08
1.211068870834408029e-08
1.391802174883663377e-08
1.441343107827173534e-08
1.252092005621963910e-08
9.813861642116119218e-09
9.214132300029708828e-09
1.057438478565478020e-08
1.109348195071182308e-08
9.764959917646942690e-09
7.656566218912531162e-09
7.020596764293777073e-09
8.027646090316211957e-09
8.528098185781104614e-09
7.609714563292581493e-09
5.980137886475277427e-09
5.357989514036258106e-09
6.090804822144704860e-09
6.548919894812702954e-09
5.924520686887279342e-09
4.674217411522529167e-09
4.096663902674915777e-09
4.618683093565311324e-09
5.023218910327252351e-09
4.608256359009099133e-09
3.655838272155516467e-09
3.138437184395216348e-09
3.501039459855502520e-09
3.848812010997586983e-09
3.580778079844725629e-09
2.860270347966691823e-09
2.409337413640328112e-09
2.653034002615145074e-09
2.945642897380936768e-09
2.779541497809334737e-09
2.238310547037563134e-09
1.853606916903738169e-09
2.010212405468874603e-09
2.252054722316849174e-09
2.155315813151751390e-09
1.751584551012806215e-09
1.429166068716185090e-09
1.523191923125049334e-09
1.719928729503857486e-09
1.669464902077521652e-09
1.370499709179155305e-09
1.104281961245866641e-09
