2.183975429919772260e-08
2.237098085905002456e-08
2.248793129301558026e-08
2.213766372560243088e-08
2.133011562662757278e-08
2.011527919316473673e-08
1.856870545664653713e-08
1.678225649818564057e-08
1.485838518128294436e-08
1.290735255678918588e-08
1.104654936008033962e-08
9.400254455672165078e-09
8.093367149430216965e-09
7.225450528301951424e-09
6.819738075607989819e-09
6.789227698780134650e-09
6.975232328144285179e-09
7.222305964901410585e-09
7.419336500865662569e-09
7.501849452998937449e-09
7.440447498730999387e-09
7.229523499103586387e-09
6.879085051658627560e-09
6.409333547794440488e-09
5.847025875629500731e-09
5.223117944406032516e-09
4.571327100929942168e-09
3.927628553150747874e-09
3.330295074182115708e-09
2.819719148637806822e-09
2.435172816025987068e-09
2.203076683752275206e-09
2.118702717203426687e-09
2.141572641274550755e-09
2.216204162876389246e-09
2.295591949194706309e-09
2.349286529474906069e-09
2.361203568953985091e-09
2.325301857027868340e-09
2.242121395170315886e-09
2.116450856811852123e-09
1.955850954856291262e-09
1.769593410260758946e-09
1.568109658185594020e-09
1.362611135176153387e-09
1.165036095717846999e-09
9.880649939757688542e-10
8.447035507998115670e-10
7.460962308606771838e-10
6.963742408854857951e-10
6.881813424271181807e-10
7.054164452032672424e-10
7.312571765673662728e-10
7.533057413528219459e-10
7.642265812538393616e-10
7.605467386854628511e-10
7.414207560597036290e-10
7.077103350384367801e-10
6.613996661414935990e-10
6.051863605499885363e-10
5.422259514762327910e-10
4.759539135404717201e-10
4.100723955440837139e-10
3.484956660158186959e-10
2.953823289498434502e-10
2.547938797696992403e-10
2.296212047993751703e-10
2.197323428533037985e-10
2.212723681882328573e-10
2.286220080060794710e-10
2.368421176163662733e-10
2.426544906741109217e-10
2.442853607451498356e-10
2.410226182718366854e-10
2.328764592913472088e-10
2.202807609118491012e-10
2.039904512123389887e-10
1.849609038336714065e-10
1.642402641733304663e-10
1.429661171220268466e-10
1.223648953013234339e-10
1.037375866916796372e-10
8.841261894730265082e-11
7.759965379237936214e-11
7.184472939125978086e-11
7.053917014317074224e-11
7.209794632959260174e-11
7.473398159541574678e-11
7.711259278140332859e-11
7.840965108950522297e-11
7.823176890739926725e-11
7.646827796069121068e-11
7.317879847787165269e-11
6.856880603509082178e-11
6.290098731032390734e-11
5.650226077951121289e-11
4.970578900742223450e-11
4.292010699933723047e-11
3.653141035712174430e-11
3.095190290913974182e-11
