6.592239458033727573e+00
6.281445446777548014e+00
4.854035513566172355e+00
4.786335709527767435e+00
4.641137664907363458e+00
4.268749123403162926e+00
3.853305891062263289e+00
2.555083950867692355e+00
2.435495618397467421e+00
1.807498631242285603e+00
2.034509598786256479e+00
1.610307410401422334e+00
1.886423336259168471e+00
1.326250789652682727e+00
1.346156670479953243e+00
1.361167278274623138e+00
1.364689021799057933e+00
1.337961776975598926e+00
1.287070238748422746e+00
1.056517498391920551e+00
1.147140640250971844e+00
8.853966134907788055e-01
1.150583884362177178e+00
8.208966702137330262e-01
1.327586825107095470e+00
1.568677467877693132e+00
1.302719951858762881e+00
1.189590835895661725e+00
1.006135421420620180e+00
6.825764739320474561e-01
9.126397243883173083e-01
1.006766636596876596e+00
1.234059611727633454e+00
1.685075469927274971e+00
1.777708280907058125e+00
1.720972095958491099e+00
1.547276105561847803e+00
1.577768238603421969e+00
1.449249572022876409e+00
1.449214831797831726e+00
1.130249542409076380e+00
1.353861520366630655e+00
1.090555475458759416e+00
1.730052968690216630e+00
1.570002991353756761e+00
1.809853482751383691e+00
1.651145817870866894e+00
1.647153240068647273e+00
1.453076495338167184e+00
1.090733793080745695e+00
8.281470845368150702e-01
6.526308079089104819e-01
5.695718505043689817e-01
9.425132975497954035e-01
1.781813806114342258e+00
2.011179823202680961e+00
2.199728101567958838e+00
2.174032383671832935e+00
2.030965088485187309e+00
1.911338790217255168e+00
1.511151110540113196e+00
1.399758174516947395e+00
2.134506097856909701e+00
2.470782624772282610e+00
2.984152192024981609e+00
3.594354589191018690e+00
4.231300052868698813e+00
4.566267982238755074e+00
5.497062169124490971e+00
7.079222346238282171e+00
7.258945731717779459e+00
7.534354510938027438e+00
7.572775986267377135e+00
7.643009029695464918e+00
7.246916750256327866e+00
6.805803106932275526e+00
6.486821529407251319e+00
5.776841577030872088e+00
6.169637714728659184e+00
6.239886208836660231e+00
6.739986958453991761e+00
7.401958653025522139e+00
7.426382342832679839e+00
6.676926637970988843e+00
6.378089009428895118e+00
6.029077514584512798e+00
5.684788724786860037e+00
5.897456661329619543e+00
6.148430435343748002e+00
5.512130555827830847e+00
5.404126727968820099e+00
5.237279260552123894e+00
5.027101019992384678e+00
5.195367625299311953e+00
5.189604550695425367e+00
4.678233736109874030e+00
3.964753310240360040e+00
4.325239259916341616e+00
4.914370855025572027e+00
4.967263218524774260e+00
