7.729113543859584843e-15
8.318274013722307472e-15
8.401328298413472822e-15
8.445306469422529172e-15
7.568851791872007543e-15
6.954479587288061305e-15
8.191247796287821280e-15
8.022133950440991524e-15
7.703982149931547987e-15
9.996249316223634495e-15
9.688826470072400813e-15
1.027343197164596362e-14
1.298812698138945822e-14
8.494256969990330786e-15
8.239935963082401686e-15
1.066752725178725955e-14
8.830497184465202724e-15
8.101656932592128846e-15
9.595864657002249321e-15
7.570822167810000475e-15
7.556763890168852758e-15
8.766192473284997568e-15
8.080643790326565935e-15
8.021726746987505946e-15
8.334693182876686970e-15
9.761498168908807455e-15
8.421573834582568134e-15
8.655164579402713152e-15
8.992741915583926592e-15
8.196816605009790120e-15
7.880806557337268042e-15
9.090651994143613340e-15
9.706155480277964562e-15
9.990671907309734189e-15
1.100222746911978128e-14
8.463039024745136924e-15
8.122286350933838904e-15
8.208705256219485174e-15
7.351334426599668192e-15
7.985466352464649008e-15
9.677635613264289873e-15
9.640088734017823458e-15
8.576106719883856243e-15
7.371146446909525115e-15
7.171860870032274261e-15
7.198574464799615650e-15
7.500309207551624177e-15
7.966763032501880598e-15
7.594149426775904829e-15
9.971711124445523347e-15
9.841287790068992811e-15
8.033519400810315299e-15
7.207296107418650788e-15
7.745278067566846750e-15
7.374218903345837120e-15
1.081130357927661033e-14
8.812637706136478751e-15
1.023737472982510803e-14
1.058294085582414251e-14
9.083965240459195972e-15
9.817933525673658741e-15
9.284136322461297398e-15
7.365377259299375046e-15
7.427376727866256092e-15
8.329442360604919333e-15
8.030384230854087249e-15
1.065127348064268358e-14
9.294279934406078499e-15
8.030680078638088991e-15
8.872831798566003052e-15
7.280458143585386537e-15
8.588926359216584189e-15
7.415138756658820119e-15
7.629815157282858426e-15
8.144345116709153917e-15
7.965246878883552354e-15
9.061253976686704860e-15
8.278367611179194894e-15
8.757147679013530563e-15
8.471537147424186244e-15
9.536809666324960236e-15
1.200500413654177507e-14
1.216661106594640324e-14
1.189247127830875984e-14
1.050273168034924121e-14
8.056055448895483729e-15
7.664088613174377579e-15
8.799420868582738368e-15
7.997399020203602166e-15
8.574253121391535918e-15
9.663936633226762584e-15
7.602720075553293429e-15
8.794564032300256801e-15
1.014604704190444414e-14
8.616536698721927782e-15
8.485419343609729544e-15
8.709667212621219021e-15
1.170470442850785407e-14
8.201075813577026174e-15
1.152565198993009221e-14
