6.130899800402187644e-15
6.505433283241863219e-15
5.678808798572222398e-15
5.542687795715568376e-15
5.891933317662659242e-15
6.216370139612080461e-15
5.288181530958183189e-15
7.678919432175003754e-15
6.265355799470485476e-15
5.201799388173152317e-15
7.773555074161769953e-15
5.962054872192562986e-15
5.069048407877370244e-15
4.910499671607595657e-15
6.177899529566138089e-15
7.527831724497462843e-15
7.088585747406090698e-15
6.617824608487222623e-15
5.918658892970660861e-15
6.500205852383273363e-15
7.451128245949438639e-15
7.836567606500432268e-15
6.701073102886221248e-15
8.257459402755053311e-15
6.355620878196161822e-15
6.427625929650421639e-15
6.861829563272990007e-15
6.561283062540050305e-15
5.819521550777078542e-15
6.121448833786434051e-15
5.379757952755828824e-15
5.267044709003111377e-15
6.044472630423722143e-15
6.147253317429865181e-15
6.812022367193140769e-15
1.093970994324355508e-14
1.103448003551167272e-14
1.143033085031578767e-14
9.884166966542536633e-15
8.350029104407184326e-15
7.515667187508794439e-15
5.793494406663912153e-15
7.582663634328968264e-15
8.098579910686772802e-15
7.771556961411160304e-15
7.532646546314633218e-15
6.201657049169574426e-15
7.050422433775946864e-15
6.857756019876318796e-15
6.557261221456083558e-15
6.735296621424473181e-15
7.600729462604515837e-15
8.099882191810045083e-15
7.221645340217222479e-15
7.486997390291944063e-15
7.528519266482720518e-15
5.924960158236145582e-15
5.458304660568120580e-15
5.657482012385083292e-15
6.831260930397094757e-15
5.547402725489147874e-15
6.412944987559286765e-15
6.189371874537873734e-15
6.528238152705576847e-15
6.919668434845893036e-15
6.551302578708168586e-15
9.203738556887200825e-15
8.360908087706991935e-15
7.602038106356290442e-15
5.986818048980637961e-15
6.720665379434042443e-15
9.552073793512158567e-15
7.687204148138573829e-15
7.517995547360719409e-15
6.822830624510280238e-15
5.766298071618317573e-15
7.636554597660588584e-15
5.766954613585873268e-15
6.058178200223838978e-15
5.599423041156380181e-15
7.353050833618488887e-15
9.045960076847972103e-15
9.325999936581321869e-15
1.004501679654871447e-14
7.593631297792819310e-15
6.588435228818754451e-15
6.180737706497960031e-15
5.989228454783720352e-15
5.647416987338822228e-15
6.941462174611460952e-15
7.283312951225536314e-15
6.505586857081251573e-15
5.736464838717812356e-15
6.796863747910140109e-15
6.296854164730215678e-15
6.342858820596828596e-15
6.710692734110267935e-15
5.391400281135422443e-15
6.129331624659301476e-15
6.668463869297535521e-15
