7.185185153922074026e-14
5.871204017978677264e-14
4.617660326208164101e-14
3.579089181492047902e-14
2.638974473454804688e-14
2.330986625770053292e-14
1.677309235956080577e-14
1.276212293197483464e-14
1.048090527215519266e-14
1.020550441298881871e-14
9.607617155795276148e-15
9.968527136195581825e-15
7.208985237656293946e-15
8.798583992717572525e-15
1.029248088173352598e-14
7.707872441409829243e-15
8.835291353099359352e-15
6.122002343241719816e-15
7.050242526597402603e-15
6.045357003552259423e-15
7.627400007721448687e-15
7.757904682785537322e-15
7.743952098678972303e-15
6.480481369742464221e-15
7.206281906804944985e-15
7.594740823348222963e-15
7.015405330305317759e-15
6.939346001485142842e-15
7.347285919168371263e-15
6.422755279285316006e-15
8.707145498042423831e-15
6.527352297728490241e-15
6.739744123783904833e-15
8.483402445949461261e-15
9.735687290873341532e-15
9.361468789751263937e-15
1.197545303469068489e-14
1.098431630812201727e-14
8.556235284398164243e-15
7.973787744602748735e-15
7.512876489041450929e-15
9.223066152188785405e-15
8.407072048859609247e-15
8.869894399359531175e-15
7.451020816527039847e-15
8.563648112122141319e-15
1.038178203710671860e-14
6.653013953759115964e-15
7.095490006104957125e-15
6.324261527797740621e-15
7.712093033595854901e-15
8.736558100991469237e-15
6.691094924206357343e-15
8.231291637955713693e-15
8.737271600860484531e-15
8.265481893140643025e-15
8.702916120797015094e-15
8.208348735404326303e-15
7.753181184464189185e-15
8.391119970918355351e-15
8.839911863338396405e-15
8.750433047215778467e-15
1.044095056751717240e-14
1.018101818675378082e-14
7.712346464907531919e-15
8.216894922753350955e-15
1.087340242307195679e-14
1.057756384182464232e-14
7.502665396454768504e-15
8.067843616828254473e-15
7.654486355797270289e-15
9.398783821595498944e-15
8.654535073938626811e-15
7.403518730789286378e-15
8.749155884921384007e-15
8.698984616242273658e-15
1.059229157509120386e-14
8.239230904729887922e-15
7.115806941403053523e-15
5.890653511298374075e-15
6.256624541909799376e-15
6.982147562767668505e-15
7.507901040234410207e-15
6.453955872257628809e-15
7.390434466299983264e-15
7.129374341869325160e-15
6.426879846569757518e-15
6.267791179858454507e-15
7.305929766303596608e-15
8.178090689496412700e-15
6.300751844450718658e-15
7.726624471477472674e-15
7.639431486502745413e-15
7.774306816583469142e-15
6.602169079153756487e-15
8.361658129213787908e-15
7.259042572268433477e-15
8.161496399119958261e-15
7.841072922734867652e-15
8.703043884346511178e-15
