7.986185336168855756e-15
7.426002100119095897e-15
7.525170055132291928e-15
6.751833922848310082e-15
7.360865887687373779e-15
5.608030194070469911e-15
5.291637978847975642e-15
5.297740127458690069e-15
6.684885605295603977e-15
8.624246282385486531e-15
7.961671338388761474e-15
8.816223282236351749e-15
8.639983186315620257e-15
8.470573911676514006e-15
8.233464363527679753e-15
7.048888487078568337e-15
7.967497867476797416e-15
7.079764195470715397e-15
6.963179168234290100e-15
6.753390559620730440e-15
6.972608099459866801e-15
6.958987818704857139e-15
6.706580057635047266e-15
6.818263923085628410e-15
8.034308807697077183e-15
8.376711316104463004e-15
7.387610717644631752e-15
7.751592587378423253e-15
8.027333308900885247e-15
8.266029445663405237e-15
7.472420391297931754e-15
7.366927820095981079e-15
8.871359743622916974e-15
6.593769504021878688e-15
6.645162314235662873e-15
6.087768532673882875e-15
7.575227570270066803e-15
6.189541494840283000e-15
7.128852614698559867e-15
7.696681869266442112e-15
7.596891454389700135e-15
6.763266597587643403e-15
8.125882504412645487e-15
8.795363312952079615e-15
5.597869871296748102e-15
6.938863112497211317e-15
6.682753984736237302e-15
8.145143548502993461e-15
9.994790372514381309e-15
7.386912097396457252e-15
8.747227836976257832e-15
1.155653679873107505e-14
6.870001051585949450e-15
6.248670691002768924e-15
6.843097801552816592e-15
6.291569182409699432e-15
6.646836065577447431e-15
8.806489926558386100e-15
9.254454495218775102e-15
8.117454030659085654e-15
7.829598068701640278e-15
7.184005159940394303e-15
6.752906182340649122e-15
7.689259794548156124e-15
7.636697640330650313e-15
6.312925677309020917e-15
7.753026511917501084e-15
6.085288798800069340e-15
7.633468479316878056e-15
6.378573739285074241e-15
7.532486746040466559e-15
7.482422003508698142e-15
7.679093966680767540e-15
7.059877213081822743e-15
7.454873777678198251e-15
8.072907672960370242e-15
5.992282298362520396e-15
7.785675123278461767e-15
7.119952255775464910e-15
5.876638409977387565e-15
6.771647016492555641e-15
6.841872542954791742e-15
6.913823710633993430e-15
6.229321472836650484e-15
6.593105209246058452e-15
7.249027707081081131e-15
6.238834523621234061e-15
6.706172173805250704e-15
5.970087071797345105e-15
5.404593559915186288e-15
6.355282744603747770e-15
7.113243079018279003e-15
8.341836442791391935e-15
6.690721403158353460e-15
6.732884862104328052e-15
5.665006645544135682e-15
5.974289178199516142e-15
5.912704133183273904e-15
8.851587640455102889e-15
7.224975626601653592e-15
