2.453012128844155146e-04
1.930758374527213363e-04
1.596363524426202554e-04
1.372397574936418054e-04
1.170095170565198369e-04
9.623080963198870871e-05
7.691801165451715217e-05
6.314313739230601645e-05
5.596080955958010499e-05
5.341820540584756618e-05
5.381014827231008076e-05
5.640266546486581554e-05
6.058144743552718156e-05
6.524775681373609084e-05
6.882536705869003518e-05
6.979136745004312678e-05
6.748803009557520353e-05
6.241712348507322294e-05
5.560923664893174920e-05
4.804683869384363649e-05
4.059126936252989881e-05
3.392148195512799033e-05
2.842209915027516187e-05
2.418095220736248455e-05
2.108326289762616211e-05
1.892381573499352527e-05
1.748815983385432505e-05
1.659330670817010729e-05
1.609978584132952227e-05
1.590981294942254491e-05
1.596084393083206719e-05
1.621852262434219594e-05
1.667043056699457911e-05
1.732115944703107449e-05
1.818890731296324829e-05
1.930357734344233226e-05
2.070614579758958560e-05
2.244885318074486331e-05
2.459550671671751276e-05
2.722074857046156510e-05
3.040638494789562520e-05
3.423162737320620621e-05
3.875233691331445794e-05
4.396253281985354938e-05
4.973152861379940274e-05
5.571867623007186165e-05
6.130050397322681110e-05
6.561541536290352403e-05
6.787904495413333010e-05
6.794727265127900075e-05
6.666374438941555442e-05
6.545187620401982879e-05
6.537805273385041813e-05
6.654499627715642729e-05
6.816934321362310757e-05
6.902930215877368871e-05
6.818545196816489179e-05
6.578064429344275901e-05
6.295618457218378830e-05
6.085867415087294898e-05
6.040586758312817755e-05
6.326315520187272324e-05
7.234836053799849635e-05
9.035843262848768575e-05
1.171558683875400028e-04
1.471480942436943860e-04
1.669105911127028797e-04
1.634051915762285256e-04
1.386270448409479572e-04
1.093780932499703357e-04
8.764112263831826620e-05
7.226123589275851083e-05
5.946183081480472176e-05
4.812625857489078747e-05
3.883570646194034243e-05
3.264081888791470464e-05
3.022773801040887879e-05
3.120674098022314209e-05
3.436128228397105825e-05
3.860141976914941098e-05
4.331684889335020943e-05
4.817768156437195334e-05
5.286771381701708549e-05
5.697425815531047662e-05
6.015763200763823380e-05
6.255165459790785229e-05
6.500812264670100741e-05
6.886621252754467689e-05
7.564023635257551925e-05
8.721343837975283400e-05
1.063813191545136863e-04
1.367675193925104056e-04
1.795399598373537662e-04
2.237242515106265222e-04
2.440309503573382961e-04
2.319875689104394150e-04
2.209734366519944422e-04
2.426107742888758639e-04
2.638482205807127245e-04
2.543088862325916717e-04
