7.292161400819741945e-15
6.746633098515639850e-15
9.066111335057913305e-15
1.189439283190432903e-14
1.346843395541724145e-14
1.166582307155586735e-14
8.869346635314635062e-15
7.318093566950984668e-15
7.716784357672939945e-15
7.405328901173886730e-15
8.132205481636991778e-15
9.175181396541938166e-15
8.026694117549560112e-15
8.728831878707479746e-15
7.096780242302468908e-15
9.137958019938835914e-15
7.795751956287043288e-15
8.466702812525695554e-15
6.941445429865371471e-15
6.010465383513981757e-15
6.368480809262642590e-15
8.009033053894992184e-15
5.469578718298040740e-15
6.962892634733674390e-15
7.202777011248331767e-15
9.185718062929457900e-15
8.902122397210827600e-15
1.253038486896171055e-14
1.067477183507786547e-14
1.442875686485479947e-14
8.916876732798582322e-15
9.417514826862428991e-15
1.027447323973416107e-14
7.103215622105971748e-15
8.053606329788445055e-15
9.184981582658138726e-15
1.062976252167726001e-14
1.341209989931747476e-14
7.884205221014737469e-15
6.506362014274617068e-15
6.186969768372328773e-15
6.078313873228807735e-15
9.550558655950775169e-15
7.805592756635581001e-15
1.003451360724187640e-14
8.129271991897963933e-15
7.485374413014901328e-15
7.541863881653970676e-15
6.431000832672894667e-15
7.019836710965421283e-15
1.061657839390382544e-14
1.000940045501390093e-14
9.113119442165600051e-15
1.205044725914991847e-14
9.066783789394450933e-15
1.000752786942358873e-14
1.057248296075762717e-14
7.057193891994061977e-15
6.130823229528290275e-15
7.272689300730963622e-15
6.704049341459933700e-15
7.676624152290915702e-15
8.472971940026135502e-15
8.134017750212867802e-15
7.542617769969866192e-15
8.354476887170522177e-15
7.308875858945759689e-15
8.839836630629725081e-15
8.165507769148184089e-15
7.723018138771688502e-15
1.223057187962159281e-14
1.439726942806259060e-14
7.084658886086295816e-15
6.620567998454668604e-15
6.944650797727195100e-15
6.120110815364489057e-15
7.582925955092557324e-15
9.764359504114465038e-15
1.072354742305990877e-14
1.226461213590614552e-14
9.650298659624002160e-15
6.733330903822244014e-15
7.470584182050871938e-15
7.804166369749263543e-15
9.913978206173302555e-15
7.363930782659121121e-15
7.200096583114639212e-15
5.583380721074145636e-15
6.690066510389438639e-15
6.241626912698722523e-15
6.652497388682273729e-15
1.173333964574576694e-14
1.195107419441883236e-14
1.055187231722059099e-14
9.827372163425671658e-15
9.228893885097449622e-15
8.321666140927912721e-15
6.544911440662237512e-15
8.635119625927125200e-15
7.937476682597884975e-15
