5.550677224433547228e-12
5.102120477615696099e-12
4.685188898521342280e-12
4.299098216556267447e-12
3.954307774884720859e-12
3.634388817758600358e-12
3.342398644061546390e-12
3.076963217468172052e-12
2.829301264229341020e-12
2.605233406739222346e-12
2.393567757781648886e-12
2.193195835229828663e-12
2.016500976515511505e-12
1.852708639643048575e-12
1.706481191905388342e-12
1.567140839615660025e-12
1.444697646353862934e-12
1.331255779062749993e-12
1.221769750533096509e-12
1.125413444363661907e-12
1.029956260633558884e-12
9.452577152545520772e-13
8.668070067187802851e-13
8.034215722824864386e-13
7.389419594477710931e-13
6.792013376135324964e-13
6.241705183757362669e-13
5.731165310748713669e-13
5.310098424339263496e-13
4.889916348648126509e-13
4.451525371754455359e-13
4.108712143671579193e-13
3.766502280447677679e-13
3.429493144229972417e-13
3.157918741155247428e-13
2.913096371624287133e-13
2.701842226484515659e-13
2.504723605688369927e-13
2.351072991583265119e-13
2.215712682581611889e-13
2.042893470257483731e-13
1.904346906789302261e-13
1.781753258292474094e-13
1.655689616360402456e-13
1.540119486776539286e-13
1.397555770605897022e-13
1.267902283242440638e-13
1.165388212462218458e-13
1.108400564681979090e-13
1.008710802592898309e-13
9.509190521312418373e-14
8.449770512829783485e-14
7.608748124882038607e-14
6.988727221661203307e-14
6.684015239856453192e-14
6.009591136526735215e-14
5.831757643199940933e-14
5.756457833848092111e-14
5.510483345843516884e-14
5.329774170483288716e-14
5.087211439275508234e-14
4.747525928287793970e-14
4.550162449262956171e-14
3.884755098611607227e-14
3.646987436914744678e-14
3.550260041150235464e-14
3.735070194638739701e-14
3.598972822961231578e-14
3.185125155405446889e-14
2.891363457000616612e-14
2.735325233748762600e-14
2.453043246418964506e-14
1.789483296041241726e-14
1.664441386920784590e-14
1.378451751571456347e-14
1.223185936297962393e-14
1.312608746163223913e-14
1.095574015471361587e-14
8.858842198680554206e-15
7.981302095791176370e-15
8.444327590613931132e-15
7.396609527155927852e-15
6.134509142565444808e-15
7.363841543316288299e-15
7.381980566273753188e-15
8.837747901530642660e-15
9.487885738669014566e-15
7.110611002483672951e-15
6.581210569406863572e-15
7.353829858515731238e-15
8.608270865860193252e-15
7.164077804677879544e-15
6.655269498123731276e-15
6.589820404919559248e-15
8.382480370739100760e-15
8.101391164141690418e-15
8.543164230112193960e-15
9.616868409981455362e-15
8.329218770102022896e-15
9.194078977141418036e-15
