8.299022290521612745e-14
6.996028468098148662e-14
5.174593636187516017e-14
4.277647754272189997e-14
2.797578997794381685e-14
2.436980245687881390e-14
2.113224274954355789e-14
1.408568768435017814e-14
7.946159306050372885e-15
1.042754001765878293e-14
9.473377474354511195e-15
7.626183169053187668e-15
1.169341427400349991e-14
8.877904658795176789e-15
1.501216706675667419e-14
1.675633621221670657e-14
1.554938477080614265e-14
1.309163810969005755e-14
1.307680558462913242e-14
1.065110848396980673e-14
1.398577500986434349e-14
1.028530758935652806e-14
1.068674985914240050e-14
1.103947109524728669e-14
1.060439058299820967e-14
1.223354459765647209e-14
1.219089585973169826e-14
1.092165183554513360e-14
1.058005874780458710e-14
1.879815797853611686e-14
1.451329566573229502e-14
1.666291578576312172e-14
1.244693052074310105e-14
1.137822295813314567e-14
1.361627005971718298e-14
9.483063937401471662e-15
9.481104933136414005e-15
1.641511964155148987e-14
1.121340622124251510e-14
1.605653541912344816e-14
1.257192582128582978e-14
8.913194078553567560e-15
8.835587496421675779e-15
1.224505919850303030e-14
1.055180002185875587e-14
1.408453564392300754e-14
1.651141589774312688e-14
1.456508763764492106e-14
1.368625547107873266e-14
1.179684176493441321e-14
7.830312208881043823e-15
1.207368850914532072e-14
1.457603785222658010e-14
1.265694873052667838e-14
1.279630437114037347e-14
9.381636198673418989e-15
1.321515171204844129e-14
1.162860621955363107e-14
1.811031801483683987e-14
1.747631316292307952e-14
1.539143812854874150e-14
1.125674632316643208e-14
1.407216237549682129e-14
1.242668686774068714e-14
1.097042147019873400e-14
1.082610734913300873e-14
1.538995529160427307e-14
9.055547197505203629e-15
9.674604041643557704e-15
1.207306178264468800e-14
8.324911076389429806e-15
6.682080128303528474e-15
7.484982132331417670e-15
6.566951981331537633e-15
7.552589276628806920e-15
9.120298580468613128e-15
8.774613451201819511e-15
1.158205916887485682e-14
8.577864375394309084e-15
9.541102203594217487e-15
9.353121663836833778e-15
9.930874392868282854e-15
9.620630217036463615e-15
1.599442027969155778e-14
1.043743379278834935e-14
9.071511312521931834e-15
1.243272195196984825e-14
1.311655177842358236e-14
9.281549497188974244e-15
8.487634011498029796e-15
1.427638776236846696e-14
1.578570953436010598e-14
1.763430138095588323e-14
1.101562212708311356e-14
1.584044628809123620e-14
1.074567221570504180e-14
1.303261906139179609e-14
8.092026174571893635e-15
1.081188523378766507e-14
1.185115140117108358e-14
