7.304234267092453540e-15
5.676902718564241511e-15
8.491503353958410363e-15
8.470600778255779514e-15
9.747428500075434215e-15
1.095535234139190601e-14
5.780957850137307117e-15
7.212362937208005679e-15
1.111910796588977802e-14
9.279689695425477631e-15
7.137092583244908046e-15
6.298598197852602052e-15
8.043794353096677925e-15
6.638939951282674980e-15
8.061949821102964821e-15
9.311494263029805877e-15
9.231948166599321607e-15
8.658467124788134231e-15
7.691316309847474913e-15
9.752857289863715773e-15
1.132565157802468229e-14
9.365832652680790447e-15
4.885603529927389006e-15
6.548574458632791852e-15
5.408908968412770004e-15
8.555260128398863300e-15
1.116458666147774084e-14
1.343400965846259215e-14
1.262188141937181394e-14
9.706767938684380509e-15
8.847828654809922672e-15
1.049175529704322545e-14
1.137408606778968049e-14
9.128829627144574915e-15
9.142027281134142630e-15
8.237286157588939026e-15
8.491238446675930837e-15
9.007519034144680973e-15
6.165323645451342724e-15
7.012102755795405283e-15
7.278772576474383471e-15
7.891866262100679861e-15
9.056246313087575018e-15
1.128340320408352399e-14
1.327190646240682309e-14
1.118119713706284371e-14
6.150939047262343317e-15
5.941647717209486035e-15
6.312099054541318728e-15
7.946379757759734823e-15
7.944466873932881095e-15
8.681969868188209916e-15
9.214126913788087450e-15
1.036340762536847747e-14
8.534775330899482345e-15
7.326474962587234214e-15
7.273443782444743274e-15
6.525490417598945820e-15
9.032817744151040841e-15
1.125779166008215903e-14
8.641910611667879077e-15
8.284968312074925568e-15
1.093544802862076919e-14
1.154092484390121507e-14
7.453926721346892247e-15
7.216695060882730624e-15
7.618092657101727615e-15
5.300431897061526733e-15
6.515219550432674699e-15
8.248812829402966705e-15
8.753887690894498414e-15
1.257359182595437312e-14
1.186800692314133870e-14
1.135919519942213231e-14
1.117272690215798519e-14
7.694739077925840374e-15
7.529091037735301872e-15
7.933982122090539782e-15
6.030335212387564999e-15
7.092160865855032428e-15
8.457000988628110716e-15
9.167101523434936966e-15
6.913775886997119764e-15
5.851470941741998378e-15
6.321239040117375716e-15
8.476903365766656379e-15
1.161797463588479239e-14
9.719090897803236713e-15
9.591364535842648292e-15
8.360327695116011789e-15
9.831557696438472455e-15
7.018835510368205854e-15
9.332460391921023151e-15
6.853583348834611662e-15
8.440922189648566711e-15
7.152545731905224333e-15
9.385737678385148642e-15
1.100738965931117458e-14
1.165154206071073964e-14
8.444722300531081738e-15
