3.141267945907105345e-06
3.085790265001029470e-06
2.992089689222694157e-06
2.846596979443748847e-06
2.640659855683419361e-06
2.393915203209328365e-06
2.237322186938797070e-06
2.515250855220001990e-06
3.536432648550425713e-06
5.162536974980699609e-06
6.796897629224290795e-06
7.581643745314783853e-06
7.274535019043812415e-06
6.388260508122807701e-06
5.114302347174352031e-06
3.882140490431729077e-06
3.138285723501118319e-06
2.886344924492172853e-06
2.924401696116133848e-06
3.075641071171486318e-06
3.245919638959210181e-06
3.402493085750570973e-06
3.546710111242485421e-06
3.679921981691634297e-06
3.764315424817493254e-06
3.738904179297387253e-06
3.599978517517988328e-06
3.418573973150636026e-06
3.272772086557596277e-06
3.190621683355112617e-06
3.146196456013123403e-06
3.097203448036619333e-06
3.015064213346916568e-06
2.884504325421278183e-06
2.695045651924465029e-06
2.453810221411258036e-06
2.249216131686812179e-06
2.368182984811476350e-06
3.180109063178148183e-06
4.677965748108552977e-06
6.387262622342834008e-06
7.466389099120898439e-06
7.416531714951726758e-06
6.652552085578597396e-06
5.472296362941846676e-06
4.173005958678866750e-06
3.281938647070946614e-06
2.914499898619757973e-06
2.895329035402891664e-06
3.028853929716912995e-06
3.199383753374639345e-06
3.360611021120341484e-06
3.507527060843742004e-06
3.645521261333048290e-06
3.748921711718734026e-06
3.756088473863439902e-06
3.642084101425324955e-06
3.463305085866073896e-06
3.303126166728508924e-06
3.205235820789854151e-06
3.155092994815923835e-06
3.110646701954510650e-06
3.038771373937628041e-06
2.921806475271754011e-06
2.748142843656766563e-06
2.516968400943413794e-06
2.285503750035627286e-06
2.281401375342518834e-06
2.894426682757553438e-06
4.241972610933120887e-06
5.965861007187518304e-06
7.288031530776730230e-06
7.519214604070930514e-06
6.886020739244709264e-06
5.808933367189344899e-06
4.483814030415178732e-06
3.458020840932498539e-06
2.966431917972659090e-06
2.878538412973066847e-06
2.987247215292210088e-06
3.154950345471712700e-06
3.320292640103220476e-06
3.470177813488746186e-06
3.611067925309683761e-06
3.728547771472103269e-06
3.765768256954218671e-06
3.680269018471707352e-06
3.509813082751762986e-06
3.338406044803088021e-06
3.223910953947623599e-06
3.165252221247493505e-06
3.123193611497472005e-06
3.060436483614531986e-06
2.956181435447415359e-06
2.797860682110155603e-06
2.579673792444848848e-06
2.335882586946606845e-06
2.238680197629659629e-06
2.663651384171662923e-06
3.839997873808840114e-06
