6.486885189835193606e-15
6.578231590382609483e-15
5.689969225394878312e-15
6.348774147397876888e-15
6.573368099032558445e-15
6.695033953274528019e-15
6.154206281132089697e-15
6.657558630966796670e-15
5.995443254249399302e-15
7.522703708559727606e-15
8.737999011734515580e-15
7.371290965752735552e-15
8.060742585860276912e-15
8.614502117760656870e-15
8.094724042185084736e-15
7.905348243947055365e-15
8.567763249473812833e-15
5.912643058974000417e-15
7.363873370394018342e-15
5.205775671453618950e-15
5.743900742322286576e-15
4.975590955681661693e-15
5.528024554512231734e-15
7.101407525630322749e-15
5.552403005909500130e-15
5.181430858344085615e-15
5.351952274163039986e-15
5.761773763995117284e-15
4.626306845338895243e-15
6.377543770228282937e-15
5.553323208027786496e-15
6.603187940378103689e-15
6.701105436005514230e-15
8.016507050601900393e-15
5.905845119159246643e-15
6.532967228645761537e-15
6.406562791131853689e-15
6.197738503207151758e-15
5.400787063614143835e-15
7.195065242944483729e-15
7.137448436383817761e-15
5.987684740876465720e-15
6.129982850426354614e-15
8.131932203196650544e-15
6.843936800258326230e-15
5.711882823466138384e-15
5.344530729636020328e-15
6.297586447636740451e-15
4.976077498041199058e-15
5.964227811590752891e-15
6.818662895094896534e-15
6.070596582246310912e-15
6.424250428379710600e-15
6.282298852842719195e-15
6.078317586344832097e-15
6.230586049987696984e-15
6.357948975723156768e-15
6.786151327380701547e-15
6.642464815165640462e-15
6.076072473859170355e-15
7.360701591515810020e-15
7.577099188134638352e-15
5.462157501026226046e-15
8.111502239514029101e-15
6.958881443828283324e-15
6.314910274155041466e-15
6.539377406584921593e-15
7.154788486911979457e-15
8.330909575167974120e-15
7.012185746135091991e-15
6.136738706935049609e-15
5.908571549013939055e-15
5.538923981706154436e-15
6.144583513603104343e-15
5.844438894594485428e-15
4.926785697880665736e-15
6.379263915647434249e-15
5.932029413192762641e-15
6.245131006253496419e-15
5.932096882521155340e-15
5.643475405090363217e-15
5.696719119963079893e-15
5.642072033952864675e-15
4.997801862826488365e-15
5.778812534402256484e-15
6.158852990892169868e-15
6.448685837978906247e-15
5.524119530653066788e-15
7.441441460091863065e-15
7.136561300279950079e-15
6.616017242562614134e-15
6.713194274395763855e-15
5.777931373180516130e-15
6.743943612708650779e-15
6.806967390705482178e-15
6.606103337018149945e-15
5.548892334696074473e-15
5.215193911737479093e-15
6.992605137348654996e-15
6.772603117333774657e-15
