6.623610400836735133e-10
5.523451040474402835e-10
6.902823138917457855e-10
5.586548795496706258e-10
4.216508587726518877e-10
5.462415977749035506e-10
4.886893329159857894e-10
3.326613254694857701e-10
4.069551035759356489e-10
4.013033748079860890e-10
2.707055191754194619e-10
3.102005242684384014e-10
3.379301925230551467e-10
2.342742701788137062e-10
2.263124551104818295e-10
2.670692776565474736e-10
1.983594831674623460e-10
1.703324206941665282e-10
2.153815924178201186e-10
1.750660214444798087e-10
1.285138846343739079e-10
1.635950551296379987e-10
1.463360787237645858e-10
1.010720523698951383e-10
1.266055316056971630e-10
1.254786050539760474e-10
8.404132005296065311e-11
9.311135035907509026e-11
1.013010369656014609e-10
7.044559112312825827e-11
7.007204750582137995e-11
8.332793104574914887e-11
6.207468376918683190e-11
5.155646221946170580e-11
6.460819945699951488e-11
5.253292545768084272e-11
3.936828297144350833e-11
5.091700168507449662e-11
4.576014682243629146e-11
3.112553611954049250e-11
3.804121170998780866e-11
3.770363303191512238e-11
2.542393278789420840e-11
2.886679534778387922e-11
3.158624185664965120e-11
2.196473876075273854e-11
2.112745770145858600e-11
2.503450966962435306e-11
1.866725936973155159e-11
1.588791376765733869e-11
2.010296471522923769e-11
1.639923838113805191e-11
1.200965668916931192e-11
1.529300012832636349e-11
1.374265725619762969e-11
9.456963867799877383e-12
1.177516651700046172e-11
1.171528091289157496e-11
7.858289564095507185e-12
8.695792948040775195e-12
9.499127417413114632e-12
6.623336698784848296e-12
6.532233167559371996e-12
7.779452630073033505e-12
5.798864785991442008e-12
4.829584860232485578e-12
6.075301933208475588e-12
4.953642800928165193e-12
3.677271617410118532e-12
4.731753828819010184e-12
4.255711358975361425e-12
2.907924721905687262e-12
3.564853783277803043e-12
3.538498469323957163e-12
2.381928660997397099e-12
2.677001994250960999e-12
2.927607626487458680e-12
2.034209163400661548e-12
1.961689805830869022e-12
2.320991362183887120e-12
1.731753057244089054e-12
1.475329275913291125e-12
1.849030037151096459e-12
1.503970954290907385e-12
1.104659599429068503e-12
1.403174188804660687e-12
1.254693103966135097e-12
8.677987772078471374e-13
1.079135754218613000e-12
1.073770606831421864e-12
7.202384501305281137e-13
8.050149087261476192e-13
8.901158345985733954e-13
6.182699224141313274e-13
6.017826618498035336e-13
7.170902749961120736e-13
5.348514211101666124e-13
4.369156305718998840e-13
5.531429022573956439e-13
4.561388314472618208e-13
