4.086199757721220405e-06
4.630404548455849142e-06
5.308080757325956511e-06
6.124782403721445077e-06
7.081266497663867352e-06
8.187338346731664015e-06
9.459916729431285315e-06
1.078086585625416092e-05
1.161487679758861248e-05
1.122794792772849365e-05
9.622896153724292510e-06
7.598484711497632161e-06
5.818376957926967670e-06
4.487560575966900661e-06
3.556173604018352984e-06
2.899491938206415703e-06
2.407987522254626060e-06
2.014322167505529989e-06
1.684760325527514458e-06
1.403643175346324896e-06
1.163070150952710326e-06
9.580080093196476995e-07
7.843940283136731334e-07
6.385203432239076568e-07
5.168879380518919410e-07
4.162098874463632879e-07
3.334492722833010922e-07
2.658533068842775054e-07
2.109722404241315140e-07
1.666619292042846741e-07
1.310728354111855620e-07
1.026295557260069477e-07
8.000472715684768130e-08
6.209041069150740184e-08
4.796937499009838472e-08
3.688775806500340754e-08
2.822996542167409831e-08
2.149623211339219863e-08
1.628305597834222676e-08
1.226628935435519613e-08
9.186784988552299191e-09
6.838308981342135430e-09
5.057513630844321120e-09
3.715578663182350275e-09
2.711379497554017049e-09
1.965891631319946728e-09
1.417655700418128961e-09
1.019076848115258003e-09
7.334366911662566715e-10
5.323798588258218487e-10
3.938680855703871530e-10
3.004372316722923446e-10
2.381050660119992377e-10
1.958939527498773936e-10
1.658611839092355343e-10
1.428432424645355511e-10
1.238845461389303510e-10
1.074668162053060879e-10
9.288006080223199463e-11
7.982119196200230042e-11
6.815072727023493479e-11
5.779872319292028044e-11
4.869491834220345370e-11
4.076366254963806270e-11
3.391747309808652065e-11
2.806139373175049534e-11
2.308887617438888425e-11
1.890195205481081926e-11
1.539556088218466824e-11
1.247667231847465742e-11
1.007892360266757477e-11
8.098464803282251612e-12
6.481606747502597971e-12
5.163870577272442672e-12
4.097691549295480586e-12
3.242763892697427851e-12
2.546497506881767754e-12
1.991519382069062516e-12
1.549844636792369442e-12
1.208845443759183239e-12
9.375025110271736479e-13
7.191362885158341165e-13
5.481018453801899324e-13
4.149204316253034253e-13
3.171455757255742040e-13
2.461876645321260359e-13
1.877283843610297658e-13
1.374786099696431896e-13
1.025910330677369284e-13
7.817442677348355246e-14
5.868492325962858779e-14
4.203404660310412562e-14
3.267333058001987087e-14
2.513390911731021069e-14
2.172156871478512405e-14
1.781097084028790014e-14
1.450284850592644343e-14
1.261227717753579222e-14
1.052901928249418588e-14
8.130809559714658125e-15
