2.133946078612000436e-03
1.892721527763249539e-03
1.695840661763953639e-03
1.805843498097551604e-03
1.732719932865868940e-03
1.634227355854790112e-03
1.489119866739877689e-03
1.443025805260549337e-03
1.541395553673871382e-03
1.713826190606803235e-03
1.953486582932051092e-03
2.138828410198858991e-03
1.766843256345599191e-03
1.744362703078485574e-03
1.796856909423200912e-03
1.705896150484546197e-03
1.599891744916159776e-03
1.458505416737026963e-03
1.462984891602428679e-03
1.580847580492676305e-03
1.776638474397250304e-03
2.035612090290080112e-03
2.086023679318121070e-03
1.687604198415350223e-03
1.784649333510553723e-03
1.776917582922977069e-03
1.679615356626380958e-03
1.557700811672028170e-03
1.439621714826096405e-03
1.488527459754070440e-03
1.624340125928438192e-03
1.838290081818740171e-03
2.105799304014236741e-03
1.978266177742504534e-03
1.675309422743138281e-03
1.803852028975277142e-03
1.750513595126246876e-03
1.652787447371667669e-03
1.513970712616476361e-03
1.436327866493704742e-03
1.518698529564546261e-03
1.675651255911661010e-03
1.904438299816616897e-03
2.141682147561756438e-03
1.844875111736599517e-03
1.712388708601045263e-03
1.804127039390105531e-03
1.722991268111037384e-03
1.622889173033820317e-03
1.476983069161160811e-03
1.449147459657808366e-03
1.555030518255082293e-03
1.736169543538869592e-03
1.982685676626385219e-03
2.126931037923368312e-03
1.731378346866564765e-03
1.760834024924350745e-03
1.790790804758939396e-03
1.696504579301268568e-03
1.585550572034776775e-03
1.450236006689249995e-03
1.471676991520400827e-03
1.595832609699948668e-03
1.798802040276009911e-03
2.063351575811801179e-03
2.052872739829587206e-03
1.675628034180621844e-03
1.794009974479789018e-03
1.767930813281832960e-03
1.670151459376309705e-03
1.541744744480811257e-03
1.436467522625364075e-03
1.498655918579957320e-03
1.641522115604341497e-03
1.860818184708043325e-03
2.123528752506516695e-03
1.931280127467959211e-03
1.684798628163139715e-03
1.805823800143815808e-03
1.740586962366746319e-03
1.642689635633474369e-03
1.499693854570750395e-03
1.439285476652979240e-03
1.531005902205339079e-03
1.696470030450207512e-03
1.931061147398137508e-03
2.142917262234177340e-03
1.799646158916456615e-03
1.730249972565830931e-03
1.800698148574966231e-03
1.713431813007482802e-03
1.610544110743377571e-03
1.466157500276681243e-03
1.456494968694444338e-03
1.569213074246999682e-03
1.758736101340080968e-03
2.012335921727307405e-03
2.107256852436881125e-03
1.703591448099885065e-03
1.775139885768851076e-03
