1.119577352275930515e+01
1.088370642463391391e+01
1.068532622580595870e+01
1.076217138863263045e+01
1.066047563253091823e+01
1.063881236670112429e+01
1.069381488029534033e+01
1.096382088224795126e+01
1.114887251626469755e+01
1.093005232471458044e+01
1.060585667518648556e+01
1.070706450937810850e+01
1.070332023859228521e+01
1.070029412888624698e+01
1.108356222543872072e+01
1.132672013998577221e+01
1.085065996726609505e+01
1.065888102668792037e+01
1.075982751497791767e+01
1.077172258688971773e+01
1.059321909045557319e+01
1.085709005583864872e+01
1.104405131947797614e+01
1.090191569386304415e+01
1.077851511003910367e+01
1.067813180720044919e+01
1.068103085406947628e+01
1.068560601829652335e+01
1.086134470713388112e+01
1.112260258909873123e+01
1.095526638606505010e+01
1.059811397993457582e+01
1.065985874121200006e+01
1.075210749130321375e+01
1.061640909783216635e+01
1.063145940853023319e+01
1.079850264915990188e+01
1.102500881451995518e+01
1.127681579263049194e+01
1.098921297243967565e+01
1.062009616313905447e+01
1.065009925468696572e+01
1.068099831662965649e+01
1.064316243460127787e+01
1.067747987336469784e+01
1.067166056010372444e+01
1.069715072974348935e+01
1.106996675954573917e+01
1.110232228175684988e+01
1.076323206505256280e+01
1.066437591086144110e+01
1.079114931359119467e+01
1.065399867707664150e+01
1.102679884897165330e+01
1.122670761167561082e+01
1.076955186670641140e+01
1.064695250536348858e+01
1.075429361651584159e+01
1.077259703808880253e+01
1.112500945010904729e+01
1.125675555127872762e+01
1.084457030066351813e+01
1.064691364470835744e+01
1.070934086030259458e+01
1.069364533610211332e+01
1.071689464639911726e+01
1.068972466863467474e+01
1.061929198138097341e+01
1.097336422198996964e+01
1.097604579021306925e+01
1.070692802044423964e+01
1.070419813606707571e+01
1.072100170522323737e+01
1.069115755958407910e+01
1.105358089406978195e+01
1.133477757343680459e+01
1.083397177983179915e+01
1.066133132589281374e+01
1.078121480947713984e+01
1.073156072126652205e+01
1.062113714435893819e+01
1.097661911670208035e+01
1.102411193979435389e+01
1.083823409411808392e+01
1.072165972845296800e+01
1.065647574367225126e+01
1.065678548848213758e+01
1.070280337738022602e+01
1.096072509950158036e+01
1.113273086520876376e+01
1.090015257180395736e+01
1.061269644787380706e+01
1.070938337065443058e+01
1.068770038569866898e+01
1.084976113053330948e+01
1.108179574534945289e+01
1.092949206044644761e+01
1.059405319799832945e+01
1.066662150443279522e+01
1.076636515578370634e+01
