1.131714158361379827e-14
1.475811885942977928e-14
1.765724403806501710e-14
1.388270151794312513e-14
1.512162633100718153e-14
1.432019824442757154e-14
1.219123057738482887e-14
1.328416409327594779e-14
1.443557038031652761e-14
1.094466117641530602e-14
9.796837430426137657e-15
1.130414873656808816e-14
1.244065452317857528e-14
1.227780427126369528e-14
1.239121648834435457e-14
1.190059322514887362e-14
1.373413333044247916e-14
1.190614943575177154e-14
9.894928397544467233e-15
1.161245481481922415e-14
1.157337625922329959e-14
1.235844921719917502e-14
1.051851120982175095e-14
9.537687621977812547e-15
8.049973776504697196e-15
8.642053902030221269e-15
6.681680375655690998e-15
6.357862592802549713e-15
8.568449876160115266e-15
9.753004468150887656e-15
8.967385346916398737e-15
7.833528737488652176e-15
7.797919120890276537e-15
7.994977664722347808e-15
8.978974961892262677e-15
9.134094010141863374e-15
1.114466613341994199e-14
1.024056416698321933e-14
7.841607321472399930e-15
8.618151098094480082e-15
7.517516803238183802e-15
6.774282414621572047e-15
1.105732284228502540e-14
1.017726663498869525e-14
1.080455746867190085e-14
1.111790433477016407e-14
1.196957740249752141e-14
1.317183017468083168e-14
1.201530904534802193e-14
1.514386748798215233e-14
1.467097006062075881e-14
1.244722444633188153e-14
1.215860457307430214e-14
1.021473723734622666e-14
1.392282718154643203e-14
1.676821022555598003e-14
1.762261941674912323e-14
1.488572572612030770e-14
1.044827564181854551e-14
9.353433534484370900e-15
1.049068238474237762e-14
8.353267795222966558e-15
6.635480561694512070e-15
8.512922111432299154e-15
7.384047878397180715e-15
1.066248782895449486e-14
1.049874439717829964e-14
1.118609380643606093e-14
1.014757261124028307e-14
8.153334869322980057e-15
1.009882617484122435e-14
9.964389057873453023e-15
7.898229514640273751e-15
9.538043671883048847e-15
1.031518814667434921e-14
8.716301907149791616e-15
9.888545859253172047e-15
1.372652739206707500e-14
1.344387459578442399e-14
9.217234571369347413e-15
7.915206951869089996e-15
9.468821524060196501e-15
9.155785873132532316e-15
8.409050891333507315e-15
7.808918951837314715e-15
1.035833325651926627e-14
9.495298260012722560e-15
1.030045816974057252e-14
1.642576362413597390e-14
2.016223955201353128e-14
1.872163669727309407e-14
2.044100283854019251e-14
1.484562850728238135e-14
9.848423017817269450e-15
1.070516283559917464e-14
1.246106789601299753e-14
1.426031382760370492e-14
1.444782273674317360e-14
1.204972404163502364e-14
8.818285202789896558e-15
