5.900212523429647749e-15
5.542100251514173367e-15
8.410346603681908586e-15
5.347563605834209962e-15
9.583920029408059025e-15
6.798380195741970821e-15
8.326948790264217491e-15
7.965192097781329473e-15
4.496373802169042714e-15
8.002584554286486289e-15
7.246469659639006653e-15
6.509956583678735690e-15
6.954478505515610163e-15
6.961553161114499444e-15
6.601668364386895080e-15
6.572125292686722807e-15
5.369891368922902657e-15
5.579911651473755547e-15
4.951405266847885166e-15
5.240359303673141426e-15
7.882508649263115379e-15
5.034896751739867853e-15
6.174492774967726288e-15
5.170493407491141790e-15
5.432894709021792513e-15
7.407144926299629998e-15
5.361941310523300619e-15
6.317954350495130172e-15
7.063353483370780609e-15
6.188416845524420000e-15
6.830639722459086269e-15
6.487053119433566118e-15
8.344440426019424718e-15
8.606897262743351353e-15
9.309472042948638030e-15
8.145230739460602837e-15
7.168536500182267263e-15
5.777989704790431108e-15
6.610136888601739639e-15
5.961517493087482805e-15
9.327922840054618957e-15
7.727443671962503040e-15
6.937109511376720563e-15
7.143554203634906101e-15
7.768702224926576567e-15
8.917988490604555249e-15
4.633048589379564916e-15
5.504096897336366393e-15
7.440415643825251525e-15
8.089243798769120394e-15
6.335469482468580531e-15
5.411822363525366549e-15
7.024794790822688278e-15
6.638780169920739339e-15
8.222954511484495817e-15
7.372897220331555146e-15
9.316299763322486875e-15
7.167188854055039123e-15
7.781635399710125180e-15
8.411393476469448838e-15
6.642818625665164739e-15
5.609822149712111246e-15
6.363029082780478060e-15
8.973755224956360385e-15
7.971428678521226278e-15
7.202620337392070237e-15
5.588048122595329597e-15
5.774951511088881489e-15
7.063334737620664827e-15
6.351682841453390411e-15
9.165542118082876944e-15
7.542847372743237339e-15
8.104897640615496149e-15
5.923435257213073473e-15
6.587802828566215094e-15
6.584201397749185506e-15
7.453487264102137500e-15
6.836590776622499906e-15
6.559492976537899989e-15
5.599478865818542026e-15
5.802631098140880442e-15
6.361619596117254523e-15
5.865036193469869615e-15
5.526330225344954643e-15
7.840580130688294621e-15
7.144263563629373112e-15
7.715901039408043923e-15
6.989882642133413788e-15
5.458740116071975204e-15
5.907309865610674743e-15
7.099902554888410489e-15
8.512180449045653550e-15
5.924645254141250562e-15
6.485006122992061009e-15
6.863186965131694764e-15
7.831795251974140238e-15
6.894403937897010671e-15
8.114298443558712884e-15
9.402080896583729542e-15
8.565762400335664397e-15
