2.405290422553864548e-13
1.687076150958560679e-13
1.212037674282986500e-13
8.585236518894833488e-14
5.782951969913524384e-14
4.376535738317893801e-14
3.193817237240824091e-14
2.346904178670841527e-14
1.794732114907796646e-14
1.483970718410373214e-14
1.210928590083826799e-14
9.451317343791506508e-15
9.038492804034780717e-15
8.563151218173794201e-15
8.704339221304408225e-15
7.829600182597920150e-15
8.324456280465480256e-15
9.125488566469840511e-15
8.657719204529404181e-15
7.299297534814899068e-15
7.466925421151494016e-15
6.836857569757351978e-15
7.611372007751878256e-15
8.213852461083701904e-15
6.925336154756261445e-15
7.300493838017948053e-15
7.692804890862029130e-15
7.750151602556609478e-15
6.319723095148820488e-15
7.254955576963816237e-15
7.653518193504959587e-15
7.549481502696890101e-15
7.012916972860454731e-15
7.886759028716297462e-15
7.861524351065273824e-15
7.173836043805773999e-15
6.730281096068740056e-15
6.569055155781778097e-15
6.478838493888937195e-15
7.721148766746042512e-15
7.357597314387240434e-15
6.552381476019716235e-15
7.470466408001932017e-15
7.085730469479261064e-15
7.735205896376686595e-15
6.952507885822432685e-15
7.073487012569376209e-15
6.085752388791835364e-15
6.547322349811457147e-15
7.860966232218731551e-15
7.381846040496117539e-15
6.503463735856700864e-15
5.773662452794651361e-15
6.845121900260529144e-15
7.571899466123767793e-15
6.671555016770476811e-15
6.944601236419635518e-15
6.663693838068334558e-15
1.012142054231459224e-14
7.857589447547235069e-15
6.564617443900378614e-15
6.784265545875621512e-15
6.337051704031702018e-15
7.129613454063225773e-15
9.156863201966111633e-15
1.028520898974358779e-14
7.890173244623346909e-15
9.643257433901086883e-15
8.362629277223315419e-15
9.221347659303253864e-15
8.687021162700585129e-15
9.096978727812510789e-15
7.155656327990061961e-15
9.402329102767798995e-15
7.669175014663586935e-15
6.999744433810277467e-15
6.568857254825853149e-15
6.187347680015999158e-15
7.421728695331181401e-15
7.197924598014840980e-15
8.170813484795341972e-15
6.232352550440168535e-15
7.122598625177954855e-15
7.646257496381630102e-15
6.746005714645374801e-15
7.376658201550496417e-15
8.330978383885993340e-15
6.968105441136349768e-15
6.391109985466354683e-15
5.804289874052160269e-15
8.242052784370378735e-15
7.040370899524732890e-15
6.497692709411674228e-15
7.312323315578966969e-15
7.344746472925530827e-15
6.323559686037800761e-15
8.181133024732126428e-15
7.478983244933933791e-15
7.690600671260171227e-15
8.842115114792796500e-15
