1.680237013252700793e-14
2.038527210128223783e-14
1.540200338884734483e-14
1.238215083528275782e-14
1.590410442983978690e-14
1.331066017533620541e-14
1.035658173040314070e-14
1.232003665913213421e-14
1.761167122611550124e-14
1.965270999361328252e-14
1.841071260108418052e-14
9.186933879685750615e-15
1.124452895451930515e-14
1.318092953759469868e-14
1.278050089318325722e-14
1.045869689449448599e-14
1.560782596001018200e-14
1.826198631030225978e-14
1.560758755491353977e-14
2.101707805080912426e-14
2.501524153647203606e-14
2.941696620509938575e-14
1.833312432668310180e-14
1.546190524702490309e-14
1.755819962400074800e-14
1.657184650603761430e-14
1.726057398961390901e-14
1.319356264903253711e-14
1.810301575399421540e-14
1.925570266732761102e-14
1.582078642564942373e-14
9.601330877231768754e-15
1.053803519985431201e-14
1.488421876561339194e-14
1.085966006226443807e-14
1.449309732991618437e-14
1.636096921367533750e-14
1.458761905361618764e-14
1.588184220842247277e-14
8.476646522376194227e-15
9.549851257401352678e-15
1.305599539861562483e-14
1.281203754886673058e-14
1.310553805003033872e-14
1.550590300670878950e-14
1.659437764651496171e-14
1.483828556992954286e-14
1.450197440777269940e-14
9.245775556005232182e-15
1.000400544888522423e-14
9.069611136559014036e-15
1.356248039755949093e-14
1.418794815280475163e-14
1.398413908654096350e-14
1.440962107524641948e-14
1.413813191369632974e-14
1.537948846707337223e-14
1.299916793206236457e-14
1.554475804871204193e-14
1.307595652056789171e-14
1.244755166686098420e-14
1.590991410424958567e-14
1.672125702895219039e-14
1.506356796819561392e-14
1.009331275305962327e-14
1.173952846272012213e-14
1.368213774019923305e-14
1.978875576674466932e-14
2.802568567119402975e-14
2.785039280686224857e-14
2.135224224125272889e-14
1.755769487894810905e-14
1.512130981168407171e-14
1.302746516231086659e-14
1.639027017330317553e-14
1.250850892160185346e-14
1.215936054106282316e-14
1.132097685506273119e-14
1.217938172224439999e-14
1.458983618258610253e-14
2.090723263343932059e-14
2.011834697527368007e-14
2.262169792089834488e-14
2.762703947866052469e-14
2.039180764452458583e-14
1.617421284384802649e-14
1.665224197641298381e-14
1.907299967666426119e-14
1.901382590089432364e-14
2.011132297921273322e-14
9.395580234354815393e-15
1.102234710348943811e-14
1.254149947062408449e-14
1.590536312044569418e-14
1.236220814274869166e-14
1.445970311804115946e-14
1.358018121502570927e-14
1.405376575078473158e-14
1.427709617086523912e-14
1.512666228604805371e-14
