8.252334109237329849e-15
8.642925954598716856e-15
7.866378275917606314e-15
6.920316438705859739e-15
6.986009496293185389e-15
6.726944058223993728e-15
7.472997260139456651e-15
8.203565138749527069e-15
6.155496556268696362e-15
7.013808807279832955e-15
9.018724790791678589e-15
9.388897067962594457e-15
1.167168841249529448e-14
1.131513795767276159e-14
1.078936423892176114e-14
9.540323212150884276e-15
9.855310372022576578e-15
1.169266308603706140e-14
8.434401481497431231e-15
8.122855827918321875e-15
7.718468037118040775e-15
8.649419970076697835e-15
7.330383124157662251e-15
1.065711212405049284e-14
9.259109628476009834e-15
7.624387198020485040e-15
8.085688897202200719e-15
7.932222646243087467e-15
6.820330910184049894e-15
7.483522080568085744e-15
8.106877719113937350e-15
7.493535831538710116e-15
9.487754033226697937e-15
6.777072701901149854e-15
8.109838929338035508e-15
8.901280301957230268e-15
8.006316271562314749e-15
9.378348621535455517e-15
6.685528402322826853e-15
6.901314363471160865e-15
6.594874079665122894e-15
6.617165172966605588e-15
8.018802799855738984e-15
7.661980016156100811e-15
5.556011660018897782e-15
6.075682250611667502e-15
6.411385484799329822e-15
6.642603045870506970e-15
8.696454613526419163e-15
6.600625789482043496e-15
8.043563757615021251e-15
6.510812625236211880e-15
5.450011143602481014e-15
8.202084090244107688e-15
1.062878720398978256e-14
7.645520125079848909e-15
7.128267525705166525e-15
8.144603802772360104e-15
6.386411040663720926e-15
7.324703438512132064e-15
8.454364223577854586e-15
7.786251827800021872e-15
9.636585527255653768e-15
7.376677017956534253e-15
8.163061259601143576e-15
7.778985620884965279e-15
9.198800894589068295e-15
7.058642901228308617e-15
8.360783779103113525e-15
7.176453789820947702e-15
7.398935850791132272e-15
7.249846083334868431e-15
7.068519662720484641e-15
8.816675749822277030e-15
7.897696137149392378e-15
8.812171457010481739e-15
7.615640153540299674e-15
9.787423305777445486e-15
9.145346711073995463e-15
7.846971789537038301e-15
7.678938193722499348e-15
7.900089029146070226e-15
8.918700666616635755e-15
8.448670567102416843e-15
8.158174569503612983e-15
6.568241582100052771e-15
5.948970620710960888e-15
8.301841401455825214e-15
9.701374775373801773e-15
7.757248333823329438e-15
7.075950720666264823e-15
7.465457857430683992e-15
9.172035088841963173e-15
9.720391232367235046e-15
7.009897152140110507e-15
8.729921608799717537e-15
9.898525051105689180e-15
1.012623711316038265e-14
9.393317507089436764e-15
7.908768132795879703e-15
