9.143696341200770667e-15
1.083482786859321308e-14
1.218397553100112488e-14
1.230598504088063730e-14
1.034828610395951917e-14
8.986089466586013669e-15
7.852493644384277557e-15
7.998404190469723281e-15
8.836775375854977740e-15
9.535809660785427679e-15
6.895272477265235459e-15
7.879689956419810851e-15
6.472378823792085023e-15
9.082737793872150725e-15
9.440049732238554614e-15
1.206149540347501916e-14
1.221306595294025914e-14
1.156949291551958999e-14
1.217297575823781808e-14
1.222087954299536321e-14
1.178305209927655702e-14
8.999855735549199686e-15
6.875290197142745511e-15
8.371450542627745258e-15
9.870705843323435269e-15
1.005545926207141349e-14
1.189366202280203759e-14
9.110325086172328525e-15
8.455161274212453812e-15
8.178431051667148326e-15
6.540839679314403413e-15
8.152372102972363989e-15
8.160412858384101942e-15
6.441933407856683375e-15
8.268717169551828895e-15
7.442705481550278746e-15
7.671924940920558995e-15
8.019942385674370642e-15
6.962000977680068691e-15
9.082870982334064128e-15
8.574349109870780982e-15
9.953256178569273189e-15
8.825830489259863869e-15
8.879471326505902789e-15
9.579982400164179586e-15
8.485699149623754339e-15
9.777802688082176543e-15
7.984521928548263488e-15
1.196134744848762493e-14
9.601912570303982218e-15
8.413478247140416212e-15
6.790494780100769440e-15
8.738052004339567717e-15
7.299263316504997120e-15
5.884409350587308345e-15
5.895561287302959172e-15
8.001132168730142512e-15
9.805644711664054414e-15
1.094978578475947627e-14
1.062374059334344656e-14
1.043554523275730691e-14
9.348295889874829881e-15
9.880399097618435575e-15
9.166611078012161900e-15
9.549221486808984191e-15
1.010300212113970985e-14
9.230143300809210297e-15
8.010832805114780385e-15
7.158405734450342503e-15
8.056131277324562447e-15
8.411693274545539819e-15
9.627864070409037274e-15
9.347344933394268942e-15
9.499220306123127804e-15
7.853786536375087109e-15
7.138872514621145131e-15
7.188568500087705014e-15
7.936608447606609111e-15
8.742894111883006650e-15
1.116447557812398655e-14
1.087086027209427745e-14
8.278834707750460978e-15
9.644849115642417444e-15
1.155601274171306047e-14
1.425856802639793611e-14
9.552000074352488564e-15
9.072209063136336744e-15
9.951075464999035225e-15
7.623882126745551136e-15
7.709102539496167273e-15
9.238160055874107786e-15
1.223095656422375385e-14
1.032476299910605455e-14
8.279817523731047184e-15
6.736113528040095466e-15
6.507438651354392268e-15
8.494376004078871298e-15
7.070618827816165509e-15
7.375250251466603691e-15
8.896486684458140255e-15
