8.234084397396656339e-15
8.616160555749450861e-15
8.458592249871062699e-15
8.506881630761387639e-15
7.884029454125310773e-15
7.635397942107692528e-15
7.989835026626318588e-15
8.760241397080780263e-15
7.538280335651057784e-15
8.147536527689313297e-15
9.059529037917827759e-15
9.265215735905293902e-15
8.954925538065896631e-15
8.401301478950073460e-15
8.061781102333135427e-15
7.153910228157837302e-15
7.973329762935684107e-15
8.146567673751855389e-15
9.691069766873243264e-15
1.079340604359248313e-14
9.757618206720783027e-15
1.285547576292033504e-14
1.310399791257862095e-14
1.187498415088131814e-14
1.162222503317441930e-14
1.095839593796059565e-14
9.814245093633202017e-15
8.226725404951849811e-15
8.985696318821582151e-15
1.122293856480653379e-14
1.343874292214528337e-14
1.403310089138047170e-14
1.487576966284670555e-14
1.594735141540230844e-14
1.332257758756342804e-14
1.502087802221627474e-14
1.473250902048629826e-14
1.260127216813914275e-14
1.465951708675553594e-14
1.240666783686043901e-14
1.336035855541523931e-14
1.509782392203701295e-14
1.549161319555385876e-14
1.247832526678360843e-14
1.230320960263864020e-14
1.023301718506234022e-14
9.182681503508641968e-15
9.689000554951157048e-15
9.703459955947901687e-15
1.075669324299379209e-14
8.684652568824440222e-15
9.688207296169621382e-15
1.121479434459416199e-14
1.276478055483638139e-14
8.384268332366094771e-15
7.881130548201078666e-15
8.433834308523261097e-15
9.335587808353551351e-15
9.122575618229026221e-15
1.012145949999494289e-14
8.407640445574817898e-15
7.991837176848046129e-15
7.248726941488723619e-15
6.529259736007961467e-15
7.412039617793258359e-15
8.182760521758776009e-15
5.985368941973073518e-15
7.155518401498965344e-15
8.523837730454273138e-15
8.067222754374589164e-15
9.055427522913565612e-15
8.114165686322479413e-15
8.845622414527672602e-15
8.661677560360348912e-15
7.257326543153489382e-15
7.613798170090213660e-15
7.921676815752061681e-15
9.482788252511591848e-15
7.312555365313165840e-15
9.567718681572973887e-15
7.435317035894106817e-15
8.349461966706730776e-15
8.737280717145211505e-15
8.837499001976346552e-15
8.278789998479928707e-15
7.713181434359877412e-15
7.703027435788713908e-15
5.781462499311271792e-15
7.629852428814724930e-15
7.557772530253543128e-15
8.028094461299013155e-15
8.452327766099428575e-15
7.136898838205566936e-15
7.189709144161248364e-15
6.956344312851742981e-15
8.369829006810301620e-15
8.222083859982942241e-15
8.090660840132868883e-15
7.733698822634415624e-15
8.699001577751412003e-15
