6.979796955377993840e-15
9.160227190031679732e-15
1.074518751789447209e-14
9.598732886611885750e-15
9.506919676802015802e-15
8.935589082124094645e-15
8.884454321118650760e-15
8.553584957173596908e-15
8.142721409609650771e-15
7.595344456041914926e-15
9.700527145268619362e-15
6.762328816007221344e-15
6.855704650988350126e-15
7.950419421710834621e-15
8.882947774645668251e-15
9.174544439485770932e-15
8.832605004079221708e-15
9.688539945330142491e-15
8.318489442358132543e-15
7.150215368916910248e-15
8.061355557008312579e-15
9.785214707251989076e-15
8.477524940715922476e-15
8.341810829944307609e-15
8.330771044503500500e-15
9.181142771544125235e-15
8.226478309139226360e-15
7.563639440659821482e-15
9.407343992557717017e-15
8.092062572279438358e-15
7.553899338504570640e-15
7.466835045013688083e-15
8.436039989948050072e-15
8.091745725441994597e-15
7.366400858045659223e-15
8.122971181855843518e-15
8.729071993839582550e-15
6.192903830787763020e-15
7.974300984929063307e-15
8.015181083017965691e-15
9.664472055689734480e-15
9.586410597148264078e-15
1.077061294255606352e-14
1.054039396600473679e-14
1.131176640098753262e-14
9.187665454231373071e-15
9.955009141566510694e-15
1.056472304076592523e-14
1.003224017198375943e-14
9.896079888544352529e-15
8.127846687383643738e-15
8.796918083830018028e-15
9.418576116650717485e-15
9.026590393241505725e-15
8.244004255106578929e-15
7.910651037742731986e-15
8.351754787914611489e-15
1.145204072051322943e-14
1.155497266227110649e-14
1.036336991295891020e-14
9.304175253702897037e-15
7.389203650630890305e-15
7.412962188464711078e-15
8.063838521107256969e-15
6.206488600131704132e-15
6.706476855049944205e-15
7.452216436865395798e-15
6.864236569477340520e-15
6.267444286597917393e-15
6.392169549575069794e-15
8.586192370578989553e-15
7.939250392429419932e-15
9.859394539959462241e-15
1.004844139982361877e-14
7.284502739561070140e-15
7.836458500886090983e-15
9.500239209065665327e-15
9.788354872788197020e-15
6.990083475577744713e-15
7.757870353852629338e-15
1.134683567123325188e-14
9.307477067560843721e-15
9.723567806389350456e-15
9.295761739407873007e-15
9.616698182536134744e-15
9.376468113044984394e-15
9.744132622423371585e-15
8.746874215074912703e-15
8.903796716491714518e-15
1.124480754392325480e-14
1.000239164457016006e-14
1.342878070652089102e-14
9.111217715320729729e-15
7.609392556165133272e-15
7.254431266504498553e-15
8.716925398539712231e-15
1.122531317919837019e-14
1.466441849367060651e-14
1.343018862290831408e-14
9.047474860431060599e-15
