4.273724948720829960e-08
4.117292780956465730e-08
3.966525866637451210e-08
3.821222742701430400e-08
3.681190335024205337e-08
3.546240726512357984e-08
3.416194627362216271e-08
3.290875097313823980e-08
3.170114213018523114e-08
3.053748492063801877e-08
2.941621063942492797e-08
2.833580956839205760e-08
2.729479148994682265e-08
2.629175363385908889e-08
2.532533469798981474e-08
2.439420941696292053e-08
2.349710292919656720e-08
2.263279944954609755e-08
2.180009452520399343e-08
2.099786314817812713e-08
2.022499921394171947e-08
1.948043096718234851e-08
1.876313226811554390e-08
1.807211291103783445e-08
1.740643868268605070e-08
1.676517171860265509e-08
1.614742431141141665e-08
1.555235340160259565e-08
1.497912194822964786e-08
1.442693949061186201e-08
1.389504421432972840e-08
1.338268385531011814e-08
1.288915118918712716e-08
1.241376254239432980e-08
1.195584706298426205e-08
1.151478028040994308e-08
1.108993781785684624e-08
1.068071436223730560e-08
1.028656415677353117e-08
9.906914955486448286e-09
9.541242892085612538e-09
9.189036749032653365e-09
8.849804439488737564e-09
8.523065895051885763e-09
8.208358786322427955e-09
7.905254625772003529e-09
7.613315246780825295e-09
7.332139763128639896e-09
7.061330860500672325e-09
6.800500826198317624e-09
6.549300476562989059e-09
6.307357097063596019e-09
6.074337148060258420e-09
5.849919980587118646e-09
5.633769429633672126e-09
5.425592767086828506e-09
5.225104048931469310e-09
5.032011314931440833e-09
4.846039909292319027e-09
4.666943483509255234e-09
4.494457279644575472e-09
4.328337916892332695e-09
4.168349804620986922e-09
4.014273667556374101e-09
3.865882234987218841e-09
3.722972461297795732e-09
3.585343476195582682e-09
3.452798292764630280e-09
3.325152932918767034e-09
3.202220156775353863e-09
3.083820336793925361e-09
2.969801600138294171e-09
2.859985336343058178e-09
2.754234316594138135e-09
2.652396075835617495e-09
2.554315867311564918e-09
2.459855258573788631e-09
2.368887731109568592e-09
2.281282492523873977e-09
2.196919474875534275e-09
2.115672681426633379e-09
2.037430608859888372e-09
1.962075548457607741e-09
1.889512368403888868e-09
1.819626772354561689e-09
1.752329026357440594e-09
1.687511928534637356e-09
1.625092760127377657e-09
1.564980299308627761e-09
1.507090133061506676e-09
1.451348991235931712e-09
1.397666831569857421e-09
1.345973258571375021e-09
1.296189026641508852e-09
1.248238413935448014e-09
1.202065394334667021e-09
1.157593826819770785e-09
1.114773406829945859e-09
1.073531693534789045e-09
1.033819364031539852e-09
