1.285876956739287985e-11
1.203253671237958349e-11
1.085020264138940916e-11
9.446737528319013719e-12
7.937661847634684898e-12
6.432859571032605374e-12
5.014242853552013593e-12
3.734845141361998444e-12
2.651550350123971822e-12
1.830701412699858097e-12
1.330766740072926240e-12
1.185969711996360381e-12
1.259521095190005421e-12
1.376353968974933507e-12
1.449370781468920901e-12
1.459255921520148759e-12
1.407361341198831548e-12
1.308056756425189147e-12
1.174081770070554057e-12
1.006132891291152244e-12
8.314653116198717608e-13
6.621333570798769726e-13
5.159273970235137718e-13
3.811007372550880304e-13
2.628773622393499352e-13
1.850697859054649172e-13
1.449969219896814464e-13
1.367967091728525391e-13
1.447029468658923942e-13
1.555816424963700619e-13
1.598811803497494829e-13
1.637534227913448062e-13
1.519974042843358346e-13
1.413635147235837396e-13
1.330602260722020155e-13
1.157675714705379956e-13
1.003724305556881969e-13
8.193965245851924352e-14
6.229875610241868870e-14
4.788966187420762404e-14
3.201638835802270976e-14
2.416033168071415417e-14
2.163492569411456900e-14
1.969431600476140196e-14
2.104282371554648334e-14
2.358650573402942255e-14
2.100444978195331032e-14
1.887812635431031273e-14
1.634917449245616552e-14
1.302465354712977781e-14
1.476361105882466816e-14
1.372858164880706089e-14
1.155350000572370621e-14
1.001943317633983904e-14
9.668011350761826292e-15
1.391059396784270166e-14
1.486729694080911074e-14
1.820874458841403863e-14
1.639472906782842275e-14
1.819145340858482572e-14
1.722125904466890668e-14
1.627971471367349525e-14
1.470344286328052701e-14
1.244321659639395124e-14
1.265830050925335865e-14
8.392736328710080531e-15
8.159244899582451521e-15
7.649376811615370441e-15
6.686422400184901752e-15
6.931599949117532932e-15
7.254897312035593348e-15
8.359085170828240048e-15
8.672579541157456449e-15
8.328461606805501604e-15
9.382219735488980643e-15
1.009409618114423523e-14
9.931661411919053137e-15
8.958873248615957520e-15
1.058746404936327993e-14
1.125484534639281469e-14
1.367561427607039569e-14
1.206589368775238879e-14
1.575904032712684998e-14
1.352992990557278180e-14
1.140365078688686899e-14
1.321803820344982683e-14
1.462168455077062850e-14
1.375625011791426854e-14
1.396657777415821703e-14
1.102546463837406522e-14
1.014960623271792041e-14
1.240528281636732845e-14
1.677388371412104452e-14
1.329548777778376848e-14
1.166659459153758780e-14
1.347113229160242857e-14
1.745393740852757874e-14
1.193025584860428642e-14
1.010387221226292741e-14
1.147086659275510538e-14
