7.079348801547702072e-15
7.779263709469067659e-15
6.706838730179335071e-15
6.206927865918843543e-15
6.772006964419356488e-15
7.526290273001017217e-15
8.505781733763939784e-15
8.481997623017794303e-15
8.666486122595165465e-15
9.461498147779277618e-15
8.106068047091166084e-15
9.831566840642159112e-15
8.528355096164863268e-15
6.554906074343071908e-15
6.023798483092842837e-15
5.838711301321086752e-15
7.193681581115957629e-15
6.300499425575353167e-15
8.503154067908051506e-15
7.778235442943462481e-15
7.050104872097325386e-15
8.140404461233123987e-15
6.216824922949560998e-15
7.796800684440209981e-15
8.858565813594006760e-15
8.217603224966970658e-15
6.957215284240292964e-15
6.811819873349381468e-15
7.922715902074407010e-15
8.040482468650176554e-15
7.078761427584654254e-15
8.315099819214545195e-15
6.442468724632922683e-15
6.596280029694785737e-15
6.806457642913614561e-15
6.608627106820657830e-15
7.629117613596933613e-15
6.186594387334204919e-15
8.457203053905689477e-15
9.103254495473255544e-15
8.488661371252920872e-15
9.092855218837262488e-15
9.412995777290413942e-15
9.703452668056054882e-15
8.579683467612575561e-15
7.199045576309956495e-15
6.845743717203677424e-15
7.292224745585228225e-15
7.671326941833025317e-15
8.946498247490384227e-15
9.141566104719865110e-15
1.173175569996955977e-14
1.056109682065678602e-14
8.941310708180064766e-15
7.594026584860443294e-15
9.253014370420267279e-15
1.215184232934669719e-14
1.016937750929652939e-14
1.145279048050747933e-14
1.296806826044733584e-14
1.324207321044580704e-14
1.261907348383444493e-14
9.779064443211298109e-15
8.146921911637597054e-15
7.291716940312224683e-15
8.727526040080820342e-15
9.105860793128736610e-15
1.042862660403211484e-14
1.160690190511544405e-14
1.602174036431064190e-14
2.027584159572252860e-14
2.177081750143952549e-14
2.014939049002170525e-14
2.111877466969716947e-14
1.817795201501576609e-14
1.582217613109275869e-14
1.284728149428371716e-14
1.382244952506169967e-14
1.711965051454061901e-14
1.522297055762011278e-14
1.735522444937557045e-14
1.742845450860533830e-14
1.534720320664185304e-14
1.288391026668143799e-14
1.316000240138658754e-14
1.371472029723137085e-14
1.279901364643424203e-14
1.450982820265361338e-14
1.267626150857760839e-14
9.845462784278009983e-15
7.907785258884871670e-15
9.565954213131462246e-15
1.007049277610187812e-14
8.755065355572190534e-15
7.998781931482020982e-15
8.416436401010017869e-15
6.657607461708433880e-15
6.470653435250100966e-15
6.669165117276538533e-15
7.324178368898184685e-15
