8.912197022710799496e-15
1.050297421857102302e-14
1.120091917228968844e-14
1.140949508503706444e-14
1.264766127060872912e-14
1.073250128608578236e-14
8.510943022858767682e-15
8.555746928911631485e-15
7.595892973324575315e-15
8.221522022552207169e-15
8.295467976716597072e-15
9.183157491367983782e-15
8.205078102862856638e-15
7.789108728417826156e-15
6.894187440697852174e-15
6.877982356629593520e-15
6.518372520846634507e-15
7.578936786407839663e-15
7.209777063834771897e-15
6.286475124838252390e-15
7.877103294794041378e-15
1.037092268696997779e-14
1.099158713422006557e-14
8.274041262515583170e-15
5.804084043601297055e-15
7.490225014233051622e-15
7.861922388474407821e-15
6.735350291901487708e-15
8.858260416940728405e-15
7.727160943696721070e-15
6.335507481313300305e-15
7.149196175018177119e-15
7.306301954156059310e-15
9.778145686169310110e-15
9.496913155387124176e-15
1.173413993732189632e-14
1.372543922861805392e-14
1.662752977348381078e-14
1.390982986590208047e-14
1.209170654223486113e-14
8.214265160542855562e-15
7.674664471359759480e-15
7.529542668357896871e-15
9.799176535345968206e-15
1.185789465313757576e-14
1.247749299037379168e-14
1.066761004660812983e-14
9.661093679811464115e-15
1.002716867503402223e-14
8.955500326040452725e-15
9.858118951058310083e-15
1.114385631864929685e-14
1.265001703994001200e-14
1.281887091074794487e-14
1.271353639316925279e-14
1.663922523936921071e-14
1.257841090360779919e-14
1.350274402551721177e-14
1.398911439347017924e-14
1.464398158005559012e-14
1.157421153118586512e-14
1.202089584517702917e-14
8.038118595331135412e-15
6.829575261094632169e-15
9.342230675944835497e-15
9.782818125309025432e-15
8.915250944518085356e-15
8.760729388061129759e-15
8.293365877837235331e-15
8.837632811141611382e-15
8.469964661360486111e-15
9.908809282157583792e-15
1.089144721828603995e-14
1.208480567307054802e-14
1.277667684352144092e-14
1.064127286186667893e-14
9.460092881686522030e-15
1.054975372935748543e-14
1.109045118838809918e-14
1.175310066565864984e-14
1.274411847766101753e-14
1.347173831784838285e-14
1.143932115146289410e-14
1.206807163341098346e-14
1.083946180345887591e-14
1.019170873368796766e-14
1.071479924583206901e-14
1.152292651086830186e-14
1.230762137199304835e-14
1.158830706256282261e-14
1.324058884170497480e-14
1.339921254518044621e-14
1.334987600870196077e-14
1.118926562223088334e-14
9.902441768514214912e-15
1.010571897043927231e-14
9.667095181531542408e-15
7.263880515957402534e-15
8.012007750664593435e-15
5.933251414921084391e-15
