1.826437593711601837e-04
1.706320310068988057e-04
1.608598131956599927e-04
1.536708380215736139e-04
1.486400520470940515e-04
1.454034936865429301e-04
1.439892982278598809e-04
1.444372461195535294e-04
1.462086915981804106e-04
1.480361676628589825e-04
1.483153123637949780e-04
1.456662272185480650e-04
1.393788107627004177e-04
1.297205886466729346e-04
1.181488985058347244e-04
1.073191289178918717e-04
1.004559585604346809e-04
9.961446422511905123e-05
1.039589153817960617e-04
1.103958507060117950e-04
1.157426511905400258e-04
1.180345469996518473e-04
1.167046152375506967e-04
1.122704456407644917e-04
1.058811474938063917e-04
9.887026862981203247e-05
9.240062809537675777e-05
8.726426574873587987e-05
8.385609670902582924e-05
8.225121655650408862e-05
8.226208457829269928e-05
8.343125040112113781e-05
8.504246801752286550e-05
8.623313722077281611e-05
8.618672541553592679e-05
8.433011449583714193e-05
8.049005042364054728e-05
7.500125681556406320e-05
6.875718818071835544e-05
6.313510115039388539e-05
5.962001970848509661e-05
5.903523150218706247e-05
6.092603962864962441e-05
6.388410306048190174e-05
6.642902338423988114e-05
6.757165421279608564e-05
6.692677273126383935e-05
6.461215564786490116e-05
6.108904049913450667e-05
5.700322762799063081e-05
5.304605257126446000e-05
4.983341671361291177e-05
4.779148967718988646e-05
4.705690481633374679e-05
4.743919530074191876e-05
4.848700055968415372e-05
4.962796148584903852e-05
5.031118801731073191e-05
5.011280476033183042e-05
4.880546450850043480e-05
4.640393101740371100e-05
4.319206943011752122e-05
3.972090443789955258e-05
3.673552142182412721e-05
3.495318931500859111e-05
3.469756075896044875e-05
3.567353446393907077e-05
3.716536026843073005e-05
3.843668029214896434e-05
3.897989325664168950e-05
3.857258591299956446e-05
3.724185696274160480e-05
3.520381586779302446e-05
3.280237827285877148e-05
3.044902254204020104e-05
2.855041773852342912e-05
2.740877315600762974e-05
2.711513915684693127e-05
2.750971133601519731e-05
2.825567094415365262e-05
2.896931000583116925e-05
2.932323095409669828e-05
2.910025949195814291e-05
2.821635296226850182e-05
2.673016979743440331e-05
2.484468608676869430e-05
2.289348000869878669e-05
2.128678151398133957e-05
2.038197484604288557e-05
2.030224308185021450e-05
2.085475214986773926e-05
2.165248000816136074e-05
2.231010050125190430e-05
2.256023793838558188e-05
2.228075661358499678e-05
2.148074794461875701e-05
2.027563087731778854e-05
1.886114129434264156e-05
1.748376015963924328e-05
1.639582595286942756e-05
