7.770845202948131488e-15
6.293206209635944884e-15
7.659011038395208029e-15
7.537875987252616040e-15
1.059014601535986755e-14
1.423395637704245054e-14
1.028449612591941786e-14
8.369135981251161088e-15
8.752907932075214622e-15
1.086361269531717034e-14
1.145812975030926180e-14
1.522891747844030309e-14
1.377355136750210872e-14
1.230947238199904018e-14
1.619662699676653292e-14
1.197789868659739943e-14
8.358177878134214637e-15
7.520113566761234509e-15
8.804870755799613566e-15
9.573384871457870253e-15
1.115359761709794410e-14
1.104779088447649794e-14
1.191622673018393137e-14
8.480559932990144826e-15
1.022630897516762239e-14
1.270710515305352516e-14
1.218293361662471848e-14
1.280455709967329452e-14
1.136094363724712995e-14
9.001308991382140028e-15
1.229792960298207478e-14
9.211496661779881325e-15
7.836611442721278924e-15
9.425824293856340038e-15
1.044090651516801882e-14
6.567524088211778473e-15
1.123931681738565773e-14
1.235647295360698884e-14
7.639038807460141418e-15
8.380939794382096397e-15
7.785635372718896752e-15
8.124546483654184851e-15
7.078524902014034860e-15
1.037419251614686275e-14
8.469370756664474092e-15
6.300213083880193121e-15
1.024598532852968231e-14
1.051672384802376807e-14
1.107560789603562420e-14
9.717488015418588944e-15
9.763845027264275734e-15
1.711875071399505650e-14
1.223583195753310999e-14
1.050763211674865409e-14
8.412229174996715948e-15
9.128609442781076213e-15
7.571839852071882838e-15
8.887528272282604325e-15
1.145259897235748257e-14
1.151702042998027636e-14
8.888430632925939369e-15
1.083882465251205777e-14
8.821253667511259455e-15
5.663887855861105785e-15
7.951757143379367490e-15
5.645191071508856163e-15
6.172024496395275278e-15
7.280806175949476902e-15
1.025603202060530556e-14
9.020538274725308337e-15
1.063907850645696336e-14
1.332244489114964043e-14
1.313101189626085060e-14
8.631316964496917128e-15
7.703252464932760889e-15
1.010784388031581955e-14
1.022660573915823800e-14
1.461103554201837328e-14
1.336072954603363316e-14
1.491870725516690827e-14
9.160063434460117168e-15
9.075818097437225579e-15
1.212144146904450380e-14
1.704422491218289862e-14
1.893752276244379998e-14
1.442772563429813926e-14
8.604433081571459350e-15
8.040942052075267907e-15
7.256485826241270728e-15
8.873186431056188489e-15
9.675160208512695830e-15
9.011161856426299110e-15
1.016853531120496553e-14
1.134164083309976274e-14
6.559472790848566199e-15
9.245575966694582664e-15
6.577862182568412346e-15
9.638349876091823075e-15
8.564164138386047342e-15
1.152863629485535860e-14
