9.547472501449110713e-15
1.151082569466394221e-14
9.675993966387638430e-15
8.553553469819143864e-15
7.318936496742925459e-15
7.921301488046040527e-15
1.209334511710455790e-14
1.210888529783586767e-14
1.180037633921514585e-14
1.082015951445122928e-14
7.639364718086977881e-15
8.853179062342002001e-15
6.018268532378636649e-15
6.613978993419834719e-15
6.620589361463422060e-15
7.850597413738390414e-15
6.203734965656905209e-15
6.402456622783195272e-15
8.733204627770027431e-15
6.130861269665306987e-15
8.197365623746977400e-15
7.058765255020148478e-15
8.174542720302663058e-15
7.891050974327945065e-15
1.265398531227407971e-14
7.838981029781905244e-15
1.146899631779921521e-14
9.444548508627025733e-15
7.337046317409784928e-15
7.131128137426214205e-15
7.967977522728970632e-15
1.002324380300591903e-14
1.131546360925922215e-14
9.886307801312082278e-15
8.667353633781680116e-15
7.362302952372854163e-15
1.046773845210210473e-14
1.307874031042272920e-14
9.157454725820829169e-15
1.148484181070662486e-14
8.584933363804467727e-15
9.444766445342368478e-15
7.864977595978392524e-15
1.100229639448443008e-14
8.294299262437336474e-15
8.681696214556424041e-15
8.999116249900475008e-15
8.693482369007396614e-15
1.055697138428882907e-14
8.777268982521620037e-15
6.909965418099241801e-15
8.283725098618212604e-15
8.423017673934009669e-15
8.279842964903324619e-15
8.712666402509208264e-15
1.158314770396608114e-14
9.844844129274218871e-15
1.033694398316005488e-14
1.047704909486840093e-14
1.058199065565079258e-14
9.867783705212156750e-15
6.924804921594078776e-15
6.996768603744520524e-15
7.163429219270373742e-15
1.123346289124189859e-14
1.149057116593376110e-14
6.633818688113392232e-15
6.331573391224790013e-15
8.528947164886593745e-15
9.345911233527159828e-15
1.049711391347742033e-14
8.627583509159149831e-15
1.299913251300654594e-14
8.763827292803899546e-15
7.358046128301866095e-15
7.301956178120792048e-15
7.259354310224486077e-15
9.701307774189345497e-15
6.920174623401878000e-15
9.720071737709097321e-15
8.075524590520050127e-15
7.351303929993935477e-15
8.311998449785754504e-15
7.939629798882186498e-15
1.018203772542405267e-14
9.467858358471530210e-15
7.169605410608801233e-15
8.527415217330495587e-15
7.333226036502271376e-15
9.380532233810651565e-15
9.849574140728249242e-15
9.589503833365840145e-15
8.524363558006825861e-15
8.789375495770167340e-15
1.275337742182010587e-14
9.049026179006060638e-15
7.801582825750546263e-15
9.861690428312420075e-15
1.203612378963454652e-14
9.587943922521858387e-15
