4.623714958704085859e-05
4.688892813244056141e-05
4.531954382810080169e-05
4.062329375341444307e-05
3.361405380964603649e-05
2.605789549497636044e-05
1.987361914754633697e-05
1.611875218345057623e-05
1.408526164502315041e-05
1.221478725539581719e-05
9.735556744726232722e-06
6.869420467267397772e-06
4.361769796077487866e-06
3.037476162090450691e-06
2.874875353074246729e-06
2.963450967198922502e-06
3.045938633872011301e-06
3.275384104989686798e-06
3.585320164803361714e-06
3.737552941818247679e-06
3.594218195424373112e-06
3.186150360441377872e-06
2.658141718317996434e-06
2.184610374214434814e-06
1.870876684900797592e-06
1.682378262072803861e-06
1.504485460110255674e-06
1.261981728078099346e-06
9.553246630487446102e-07
6.360684921345001365e-07
3.765597023672043031e-07
2.440972336889959124e-07
2.205315748352453677e-07
2.119481439516559446e-07
2.041502514278559779e-07
2.217891517292723059e-07
2.534322937951634222e-07
2.705012670810224969e-07
2.620764346925335120e-07
2.354095977632595182e-07
2.059776179011703767e-07
1.856260419772913023e-07
1.739895588942461365e-07
1.624159485499671238e-07
1.442408522770155280e-07
1.187606762494183703e-07
8.989839438767180143e-08
6.380698036931327737e-08
4.606772823853084257e-08
3.714796731639157051e-08
3.131341686938988970e-08
2.428424645969370404e-08
1.711342240141227004e-08
1.424283876700344487e-08
1.614860202645972446e-08
1.801826931963415532e-08
1.795678546545406503e-08
1.675466305937640932e-08
1.580613293740684147e-08
1.556226970275016603e-08
1.535757074373539289e-08
1.448133719998881724e-08
1.278026759264087375e-08
1.056463616301340024e-08
8.350705036568678872e-09
6.610198031087386710e-09
5.489294728504552115e-09
4.698539904617079980e-09
3.855628443031807953e-09
2.842179961759782529e-09
1.832400384422272823e-09
1.201696693676667313e-09
1.161779323934900619e-09
1.270607686215699018e-09
1.257599539508835970e-09
1.194994948229651046e-09
1.201073780946643438e-09
1.259947749311697515e-09
1.278839757752520980e-09
1.211129042617280313e-09
1.073092478463161027e-09
9.114193963692345863e-10
7.700158251379475740e-10
6.667279630977712763e-10
5.882547698736495686e-10
5.090427321363692876e-10
4.144615729237805599e-10
3.093438134721080990e-10
2.143078512233722287e-10
1.545666383089158733e-10
1.333617720407886967e-10
1.227961397833026159e-10
1.066297503531295772e-10
9.269552616119276619e-11
9.220439198964515055e-11
9.935084425861933104e-11
1.022263011529231636e-10
9.717912353307379132e-11
8.730543756393753270e-11
7.736293753900585456e-11
