3.971434115988485804e-11
3.640362726624620536e-11
3.029121710806612996e-11
2.323712673151524295e-11
1.829467096055365713e-11
1.645113787611198005e-11
1.549384122993481377e-11
1.357807138983402754e-11
1.076901712774999834e-11
8.219546914901138796e-12
6.906660989582262948e-12
6.477555237589102250e-12
5.938329972616847204e-12
4.942844151420624483e-12
3.789615486874123546e-12
2.987593843059587919e-12
2.685193011741917154e-12
2.529299743487666808e-12
2.216850645183981365e-12
1.761460262275882520e-12
1.339842621423593719e-12
1.126090849920151208e-12
1.052845051864129939e-12
9.703785003125612749e-13
8.061139591042006856e-13
6.179187222873059405e-13
4.897284281172089075e-13
4.436456170340973028e-13
4.176989216883888929e-13
3.690566855898283751e-13
2.914800001732089505e-13
2.187053730373609854e-13
1.813092275900335309e-13
1.711923909992800343e-13
1.648099259556607737e-13
1.416471446864833361e-13
1.132545182209727421e-13
9.313716609954960170e-14
8.358874647623151555e-14
7.741191632933350299e-14
7.246673766847268469e-14
6.309272827743498436e-14
4.776091520870082253e-14
4.069089476343205410e-14
3.603420631270450600e-14
3.238396390403872116e-14
2.605178937202109769e-14
2.152356054319100757e-14
1.786178140974632625e-14
1.305092589993804838e-14
1.216255123152904295e-14
1.160187314533057093e-14
9.296816859435394148e-15
1.172365719113308252e-14
1.116192193977551325e-14
1.150764313891754360e-14
1.239072069049354706e-14
1.446741637070320656e-14
1.057544271785833812e-14
9.397559428626469026e-15
9.890662014492384674e-15
1.128791723829119428e-14
9.308272231749184357e-15
9.880064674945074575e-15
1.053034362801810686e-14
1.184251059369844569e-14
1.238723716792709779e-14
1.035995337601677784e-14
8.100524152355895403e-15
9.232107234750999756e-15
6.863037885498497749e-15
5.935945295512906126e-15
7.844784802758680870e-15
9.939291472681777972e-15
1.222831987258188327e-14
1.252060969588285032e-14
1.269941885553917715e-14
1.287511296598047654e-14
1.410862987364544919e-14
1.516056755978150189e-14
1.298562607188391686e-14
1.096710387451682226e-14
1.071433807803619470e-14
9.285357077212686612e-15
9.838352938042434246e-15
8.722229313572961527e-15
8.424441976701219287e-15
1.094776894801687724e-14
1.189004488761249841e-14
9.629688620655148926e-15
9.194665611241743561e-15
1.327937653936566420e-14
1.395763554492659980e-14
1.498849791238995674e-14
1.218162276675539106e-14
9.414777735282520998e-15
1.102679007237053830e-14
1.407105429922207405e-14
1.188915499361730217e-14
1.022680814101688249e-14
