6.494528540966277804e-15
6.528501759661241789e-15
6.718211133903824677e-15
8.331196373647675501e-15
6.701617580790108750e-15
6.834152017193001428e-15
1.054559902951439004e-14
9.775238053681356100e-15
9.767525321895379959e-15
8.354443388693012401e-15
5.317185533708196823e-15
5.950745055036944737e-15
8.543027074587243554e-15
7.524132710244046502e-15
1.177756854062987749e-14
1.103623181605656749e-14
1.528510717555833219e-14
1.692630135063381690e-14
1.649514648408739332e-14
1.537913058711397149e-14
1.420582329582951600e-14
1.210835644181387131e-14
1.364251933986443739e-14
1.338015326225877511e-14
1.125603556225989381e-14
9.575081500422266893e-15
8.571532533018021101e-15
7.427822794087388472e-15
6.323542078395040223e-15
7.103276415383239258e-15
6.943667088565664716e-15
8.310616070881377777e-15
8.006906305293995495e-15
9.668530742264506494e-15
1.019851769324905334e-14
1.007873145239940497e-14
7.591890601051357016e-15
7.833925364362156183e-15
8.321966640187305977e-15
7.700499889701838597e-15
9.352614860652254105e-15
8.490227248833253040e-15
9.445820213120703849e-15
1.065210393450705320e-14
1.026607418445404754e-14
9.999974136138309632e-15
6.963888104296514344e-15
7.641833185792024226e-15
8.557069486552795504e-15
1.030355667111925907e-14
1.106261111169128219e-14
8.623043084902748468e-15
9.088537965395761592e-15
9.800385028146875796e-15
1.124626086048817601e-14
9.555403794044470859e-15
9.682033630506373964e-15
1.114381932337124819e-14
1.083505741830557358e-14
1.044324798532892878e-14
9.676834260673161759e-15
1.013750551820873605e-14
1.006114327667731573e-14
1.134785720440986763e-14
1.179014573251762126e-14
1.258658034788505626e-14
1.178649360610887071e-14
1.031363310044791182e-14
9.125272238151899726e-15
8.032903600219711346e-15
7.373641040521241672e-15
8.290727704611729903e-15
7.620855635903363813e-15
7.158441887218482043e-15
7.159141365303169068e-15
9.008865290962888407e-15
6.484220233217480666e-15
8.063924725291766743e-15
7.533610070123193791e-15
8.293370232061745623e-15
6.651073686941653665e-15
9.641340888960911263e-15
8.932180120262831002e-15
7.763755643492409262e-15
7.679659817204601833e-15
8.022985803483143346e-15
6.169418137611313710e-15
6.288586745391873447e-15
5.880256113532567781e-15
8.414567824316863197e-15
8.474014094625604906e-15
9.194166162525516857e-15
1.188161687472330758e-14
9.829806596844980094e-15
9.972818332458763985e-15
9.012790502154152112e-15
8.926643153366935318e-15
6.722594009895529882e-15
6.861713620244867322e-15
7.121368634709485641e-15
