3.970329297252276315e-11
3.492957358178386917e-11
3.073175369205316711e-11
2.703468106229714353e-11
2.378449708187209355e-11
2.092688457366189117e-11
1.841200866673271556e-11
1.619297223901469846e-11
1.424275303855290621e-11
1.252846117981199435e-11
1.102283150233028315e-11
9.694829166964288637e-12
8.523563737072960961e-12
7.494853355229594193e-12
6.589123720937079297e-12
5.793664357155919951e-12
5.099031680770596626e-12
4.480811822744183566e-12
3.945669644504881962e-12
3.469886498619479451e-12
3.052150863546518950e-12
2.689775537297626026e-12
2.368544866606155159e-12
2.086769809277437918e-12
1.836151420720948668e-12
1.617903473132221925e-12
1.424313254610886967e-12
1.251021519847219664e-12
1.100726220171956930e-12
9.656625958797909863e-13
8.505793447824221984e-13
7.484885393534062435e-13
6.609850250061175716e-13
5.810119757161334271e-13
5.107349803174620366e-13
4.513979638904404864e-13
3.921754955291914076e-13
3.405327211908581914e-13
3.000878927133795510e-13
2.643612367155400590e-13
2.310316684957863346e-13
2.047579409559751131e-13
1.828624433370372609e-13
1.612470726785315174e-13
1.449008294808774298e-13
1.277942846586221557e-13
1.147952430056984333e-13
1.001403267297070480e-13
8.734974836996568866e-14
7.681231663633288459e-14
6.951088306388763336e-14
6.097172254262069710e-14
5.150143645272158904e-14
4.359897677846291685e-14
3.735632514855643998e-14
3.208152330975283342e-14
2.620161943405861527e-14
2.286935443124909098e-14
2.265966011590735754e-14
1.949695435847852853e-14
1.739272074585251942e-14
1.701069415972505945e-14
1.411838652689182894e-14
1.490786726994225883e-14
1.559249400577835756e-14
1.137617212650953113e-14
1.295404337540014767e-14
1.122464913739792420e-14
9.340253208659267467e-15
9.412683752095189969e-15
7.183954265341924989e-15
6.807368126488284269e-15
7.098554596542075658e-15
8.573757719522894090e-15
8.299192687658433814e-15
7.349684357998431064e-15
7.489816012373529247e-15
1.019817492806201065e-14
9.427908017171801280e-15
7.786600380694616368e-15
6.494118981068224250e-15
6.141031851842208709e-15
7.223683292637076088e-15
6.812758461949297554e-15
6.523703426085591780e-15
7.384758434215006093e-15
1.039048043146688123e-14
1.079617555542091592e-14
9.020516038069673949e-15
1.062395717771760816e-14
7.936743617942390241e-15
9.110853283817497825e-15
1.061256880820542330e-14
1.066447185684007563e-14
8.716857389741139124e-15
7.953951546110008861e-15
6.395473762586731589e-15
7.644671135097047469e-15
7.425226847782121446e-15
6.874223237968699849e-15
