1.711946888785575109e-05
1.479748645130607141e-05
1.342103244380837264e-05
1.193246048001333262e-05
1.008851982721046067e-05
8.457637917569791794e-06
7.397588934978140096e-06
6.640255444403055890e-06
5.818272290218570832e-06
4.926312617314717721e-06
4.189378801940468028e-06
3.682906155769749996e-06
3.273107753956079241e-06
2.842131969892276466e-06
2.416564993634804860e-06
2.076440257569718129e-06
1.827024510034793373e-06
1.610112764986015149e-06
1.391341189252590031e-06
1.189041842824330899e-06
1.028680441827216911e-06
9.038542657800792776e-07
7.913921852740300671e-07
6.825280296403246761e-07
5.861197745411978687e-07
5.091196527761149586e-07
4.462706949298860190e-07
3.889510328518860061e-07
3.353981943472974967e-07
2.891869881701818796e-07
2.517027084887581146e-07
2.200606208818860756e-07
1.912258351872345202e-07
1.650344395618360258e-07
1.427304669894373220e-07
1.243152158801138165e-07
1.084334230380737883e-07
9.406394122296577855e-08
8.128082390261937013e-08
7.044434296413770250e-08
6.134929361040085314e-08
5.341067279959531269e-08
4.629509480108450897e-08
4.005483711905474369e-08
3.476069612612972246e-08
3.025756597892543578e-08
2.630549641336034238e-08
2.279579757919981834e-08
1.974526365145722551e-08
1.714802311485880566e-08
1.491698151161528296e-08
1.295637327988953885e-08
1.122900214482048685e-08
9.734952329590982359e-09
8.457142142516378587e-09
7.352215931301515689e-09
6.382195686388484133e-09
5.532842226233026419e-09
4.799774695336670149e-09
4.169997154919739612e-09
3.623238340026210086e-09
3.144233159075829588e-09
2.726686201676417013e-09
2.366417809101981447e-09
2.055749437231970409e-09
1.785470823487314023e-09
1.549241974805707193e-09
1.343919203384461590e-09
1.166640128372476211e-09
1.013321089828750522e-09
8.798428679836957632e-10
7.634253583974341663e-10
6.624128382478906623e-10
5.751127747505829676e-10
4.994590354743465076e-10
4.335867456910144574e-10
3.762182883764649553e-10
3.264989678860444797e-10
2.834980979790949009e-10
2.461869777611024896e-10
2.136919585996181275e-10
1.854265872060690700e-10
1.609335345482844599e-10
1.397293191162239357e-10
1.213238953701282792e-10
1.052954395813286773e-10
9.137142262836525501e-11
7.929385126280626499e-11
6.884972568707042390e-11
5.978076213466020842e-11
5.188350181920653104e-11
4.502779687538926669e-11
3.908983702670077671e-11
3.394468289480056882e-11
2.947604036213505774e-11
2.558634787537523456e-11
2.220977160807005554e-11
1.927901009558618759e-11
1.673295678564322467e-11
1.451825659143586513e-11
