8.275771746123535592e-15
1.061866366998685659e-14
9.044421166891663342e-15
8.331817622207729993e-15
6.347635754537914383e-15
7.246718196460917419e-15
7.204039260402055922e-15
7.899835668730840528e-15
7.380325932671982824e-15
7.474328418914287974e-15
1.181262393384224794e-14
8.318422878941998154e-15
6.227767932836629630e-15
6.605820618856764249e-15
9.794146123920424044e-15
8.688945903047271130e-15
6.804338456793167539e-15
1.008092305923497765e-14
7.443397045872564528e-15
7.323687776887479185e-15
7.142923344820614513e-15
6.109397842554445828e-15
6.419511282448055310e-15
6.623178093287110050e-15
8.429812293738257991e-15
7.803066954385764263e-15
8.436666358969787642e-15
7.761890461065980157e-15
6.617458036159748998e-15
7.986998071564175657e-15
9.532085776842945342e-15
9.900761107206026028e-15
1.222020408887104075e-14
8.251364066493439215e-15
6.504301663005969566e-15
5.774597159481857340e-15
8.297865656445026009e-15
6.931752058277330817e-15
8.637634660212296520e-15
8.767013905746008927e-15
8.036810612070776856e-15
7.527093296428329701e-15
8.855607711103818317e-15
8.745276309168743203e-15
8.668195194638687505e-15
9.653245639455837062e-15
8.042607213820974462e-15
7.590059704149663335e-15
7.213788286984416224e-15
6.388135864442887161e-15
7.250093259214106438e-15
6.732376660327314722e-15
6.229438135754995945e-15
1.087107369779348928e-14
7.090959068760825464e-15
1.143765912834581698e-14
9.469039537715741841e-15
6.452672578360613247e-15
9.509597456269364969e-15
7.561663810399894099e-15
9.146244764601922668e-15
8.580380366025329791e-15
8.154579325637033770e-15
7.010785722221853222e-15
7.316052246645906825e-15
7.548305512153609796e-15
8.862202927211246324e-15
6.511756359185505646e-15
8.465743825487924159e-15
7.417526057122455089e-15
9.735170931704789762e-15
6.463534278002512238e-15
8.134996421925464821e-15
7.827896773647003208e-15
6.067334914685465209e-15
6.881139006561300695e-15
7.776320330741280811e-15
7.060772279223569309e-15
1.039470219774416179e-14
9.082531215366535019e-15
8.784135762238913430e-15
7.806551888494654075e-15
7.750709741761255155e-15
6.389372777134513465e-15
6.753986959908932791e-15
6.716774255644026541e-15
8.651371902573037530e-15
6.789971168135344190e-15
6.344544022202953649e-15
7.443859939613767627e-15
7.294051809229969931e-15
7.487430057833056143e-15
6.769275103353706766e-15
7.144716986368726145e-15
9.547874044755619901e-15
7.742528542233622849e-15
9.629833140471278873e-15
7.986311189342543582e-15
9.072359322680655743e-15
1.043501390326892838e-14
