5.536011653425647018e-10
6.124332357494395533e-10
6.353124914204385585e-10
6.065528751006110384e-10
5.334090499017373835e-10
4.320920720400535956e-10
3.221267166425141897e-10
2.251182623175810153e-10
1.656332261597623505e-10
1.566788232238549983e-10
1.733764169816152836e-10
1.863727129667637351e-10
1.850154671782549648e-10
1.690440909061958912e-10
1.423253800026923274e-10
1.102813723306408895e-10
7.897872982969366933e-11
5.530702428127146650e-11
4.590534772230372238e-11
4.866868411997958937e-11
5.371482695862842830e-11
5.543051045573455088e-11
5.262929684937727812e-11
4.604098046145510634e-11
3.709177917584145112e-11
2.750912659402286437e-11
1.919219518518063383e-11
1.427855315443353923e-11
1.372776857214767866e-11
1.522041811913614088e-11
1.628568634359539796e-11
1.608143331117266508e-11
1.461950586734959414e-11
1.225146184967544817e-11
9.449232547354677990e-12
6.740497070822215399e-12
4.744377349541023519e-12
3.997213966209755156e-12
4.261982978248238989e-12
4.694207569458316675e-12
4.819873285779169500e-12
4.557214548580738537e-12
3.967816414370427727e-12
3.183811283681057642e-12
2.348501330617899616e-12
1.631599160029963926e-12
1.230518584779525431e-12
1.202623026957739316e-12
1.337503408725853813e-12
1.425228726183360270e-12
1.394714760035092191e-12
1.258716406545822948e-12
1.045526579070782715e-12
7.957603568912807946e-13
5.607520075905077321e-13
3.931613383798109156e-13
3.418415829447413003e-13
3.717250345953405724e-13
4.091569244096023494e-13
4.116348304627193369e-13
3.850806278863034836e-13
3.354126713670492664e-13
2.661744554970909708e-13
1.930847466935341078e-13
1.302300444900238937e-13
1.030028877979695167e-13
1.074071254933675447e-13
1.184566311891480838e-13
1.257945183191588284e-13
1.231932611653564190e-13
1.114617130096261604e-13
9.191990547635441421e-14
6.380743416160444486e-14
4.169899119295206439e-14
3.233189667657422209e-14
3.371364052457812271e-14
3.685111101157847516e-14
3.914453647811497101e-14
3.215736095255034530e-14
3.079567502610506201e-14
2.504878595680485031e-14
1.870359448279701506e-14
9.604602442502229978e-15
1.136851585855118156e-14
8.163045638286402404e-15
7.339326993968645455e-15
7.543145786059326089e-15
5.382444696462645045e-15
7.977333334673945634e-15
6.817099532783130820e-15
8.622299028439841273e-15
9.018643166733890607e-15
1.029164538586031193e-14
6.567867431509872316e-15
8.412470445939037859e-15
6.060874645829760351e-15
7.205599063902897564e-15
7.289991665134996635e-15
6.995791040178486720e-15
7.088555447033845314e-15
