6.934432363536257008e-07
5.026535103188585567e-07
3.845951541618758709e-07
3.975174435764380194e-07
3.747162935090593460e-07
2.802754392211837988e-07
2.047429158089995054e-07
2.053954706162901922e-07
2.009190682233017698e-07
1.559357059424547982e-07
1.105190594096146653e-07
1.058880268592827940e-07
1.068970353098520923e-07
8.638730707587911045e-08
6.043030326334151738e-08
5.461648004696921933e-08
5.644416136496360798e-08
4.758448328415548242e-08
3.337985368602581568e-08
2.828163864357008309e-08
2.959114360852775519e-08
2.603569862364466222e-08
1.855893843236508376e-08
1.475775238618950765e-08
1.541352752143535144e-08
1.414151151819146849e-08
1.034788992355626161e-08
7.786902271417267732e-09
7.985861771569096060e-09
7.622488420780845473e-09
5.767316596947542701e-09
4.164077550931291220e-09
4.122144132099954724e-09
4.076757779359705883e-09
3.204911656648013730e-09
2.257630459534428186e-09
2.124744914160962913e-09
2.163616028837616352e-09
1.772437333605948741e-09
1.238966747683387545e-09
1.096884956002695815e-09
1.139702441621412777e-09
9.742549730214862919e-10
6.861079440884556173e-10
5.691761461640866072e-10
5.961773350504256759e-10
5.318148574439846983e-10
3.819575160144006257e-10
2.979776333589880221e-10
3.099518960872304435e-10
2.881493650230069915e-10
2.130096964624711765e-10
1.578797358181333867e-10
1.603618092417782044e-10
1.549280438018376238e-10
1.186237179682091878e-10
8.479503972227447137e-11
8.269607353182450204e-11
8.264281020138538399e-11
6.583135235845672697e-11
4.617597278885487619e-11
4.264943363665762563e-11
4.375289980344389962e-11
3.635383271803647448e-11
2.542577924906932599e-11
2.203593848038157995e-11
2.298753386505614370e-11
1.990961702912588323e-11
1.409364050401548487e-11
1.145296852087785869e-11
1.198969152390252282e-11
1.085126935852998270e-11
7.863095192310768884e-12
6.019439794841352261e-12
6.233301711932481282e-12
5.858809950985614099e-12
4.373226477454008922e-12
3.197985144714791489e-12
3.224027375166348975e-12
3.146394786940472721e-12
2.429517408996116292e-12
1.723167622779254376e-12
1.663266520018714568e-12
1.678592697532693063e-12
1.346983474616940220e-12
9.473760577514546811e-13
8.685398773488315342e-13
8.915737307297363525e-13
7.499922248331760782e-13
5.250212768694297468e-13
4.549080602099639236e-13
4.878077212556730693e-13
4.331254744871391913e-13
3.057892061903489877e-13
2.476052731182712308e-13
2.635996914202514417e-13
2.371451351272527333e-13
1.770404082192780105e-13
1.340315087871766471e-13
1.369226726716118750e-13
