1.932610027418569786e-06
1.858341253898168004e-06
1.780307315573530759e-06
1.696434146556152895e-06
1.609717153853173393e-06
1.526348236074180988e-06
1.453262528851745140e-06
1.396067317334156816e-06
1.357917103218369804e-06
1.339369242424826686e-06
1.338868019623595752e-06
1.353408962305575752e-06
1.379081748295081211e-06
1.411415319692266404e-06
1.445607361374319842e-06
1.476764836759144295e-06
1.500242260930550010e-06
1.512086750333212914e-06
1.509520117655388071e-06
1.491325984678760579e-06
1.457988289935680909e-06
1.411483175211484870e-06
1.354767170482369440e-06
1.291150942985969373e-06
1.223783729752429523e-06
1.155371925728497989e-06
1.088114652154864524e-06
1.023763161450128907e-06
9.637175575427198788e-07
9.091176329999814914e-07
8.609205210345925011e-07
8.199724319033588718e-07
7.870797374309132185e-07
7.630771152339341331e-07
7.488832456773970618e-07
7.455318424525583657e-07
7.541689807176512472e-07
7.760165138615716723e-07
8.123127166323584866e-07
8.642489059850665727e-07
9.329179146757457018e-07
1.019279305137314972e-06
1.124132432151698601e-06
1.248075366499080880e-06
1.391403694819899079e-06
1.553845302214844043e-06
1.733914265044014379e-06
1.927540884467348567e-06
2.125764958179165451e-06
2.312419049116665707e-06
2.465600831077491126e-06
2.568517001904918544e-06
2.626605814742824279e-06
2.670388158805751010e-06
2.731451130937488006e-06
2.818351372402371337e-06
2.927081549051848353e-06
3.092294012226054359e-06
3.460148404779540891e-06
4.223230661906679116e-06
5.165267129074798935e-06
5.529989718997829976e-06
5.196751529704486393e-06
5.008005795392738799e-06
5.489110393765593693e-06
6.542829698876655602e-06
7.070191845146822618e-06
6.335144561837917063e-06
6.434088708193737673e-06
7.208681904829222927e-06
8.194051736821756081e-06
9.203344766276399993e-06
8.939634394251500139e-06
7.537906160097513581e-06
6.242359755817076316e-06
5.638928809707944338e-06
5.567460813590247812e-06
5.809449705392730227e-06
6.340561669363545362e-06
7.206523236357527908e-06
8.277295037957492006e-06
8.731723511742769150e-06
8.136653539206043813e-06
6.356594240305194137e-06
4.754122654641646253e-06
3.723751761152781091e-06
3.047273480436045752e-06
2.642704324826932996e-06
2.374388290872029484e-06
2.165674071233144059e-06
2.004136429854811160e-06
1.903818991729131946e-06
1.883200421924706895e-06
1.953773989153332255e-06
2.111168120790334448e-06
2.327372920391662495e-06
2.543650908047923537e-06
2.669488465033110095e-06
2.605901633121664639e-06
2.303850870226823094e-06
