2.143938084011946811e-09
2.088175548663408839e-09
2.010164354242197173e-09
1.913230967311581117e-09
1.800825663138069275e-09
1.676410716773230786e-09
1.543356923262793520e-09
1.404872834989335205e-09
1.263974902077760074e-09
1.123471304345046219e-09
9.859724260167458062e-10
8.538986057799778695e-10
7.295862158192079909e-10
6.153497551351783668e-10
5.136688302477173339e-10
4.273304517278711641e-10
3.594724257950277383e-10
3.129692499510212137e-10
2.887196925078587710e-10
2.837756197731499624e-10
2.919002366108844648e-10
3.063913969274960812e-10
3.221494896919647350e-10
3.359925865323481885e-10
3.461903609207820668e-10
3.519394521667473027e-10
3.530084474820567107e-10
3.495141225390374724e-10
3.417996673111888556e-10
3.303023750562216765e-10
3.155550210466108346e-10
2.981121620625755536e-10
2.785328166840230395e-10
2.573708525789773792e-10
2.351551806721540686e-10
2.123964472878666165e-10
1.895485668128067145e-10
1.670562595649589121e-10
1.453101067005115082e-10
1.246982473460409240e-10
1.056004316533854285e-10
8.840906683754960462e-11
7.354211362087482445e-11
6.150707287924454202e-11
5.280908765169966689e-11
4.772593571352622786e-11
4.599946897002994093e-11
4.675993292499076645e-11
4.887885160080831661e-11
5.143475117979791634e-11
5.382516680996469418e-11
5.568413514715211356e-11
5.685602362204722288e-11
5.727378946177265555e-11
5.694716813867383241e-11
5.591528100344600433e-11
5.424187323735597448e-11
5.201558456421152251e-11
4.932351563970876424e-11
4.625618102566457368e-11
4.290608193846440937e-11
3.934961545048101956e-11
3.568024046752197436e-11
3.197176992313952898e-11
2.830103112873590799e-11
2.473174988129873907e-11
2.131828038333083375e-11
1.813077304300043809e-11
1.523503769969285302e-11
1.268650422106603334e-11
1.056699028955103811e-11
8.967168027873909912e-12
7.946264278446225226e-12
7.490216304809674236e-12
7.506183577445556123e-12
7.802780317811695246e-12
8.207483901151288304e-12
8.611204306086073809e-12
8.954956111599006261e-12
9.186158690775632557e-12
9.299536781533008996e-12
9.295330102954910678e-12
9.163425026578537902e-12
8.926729678008641766e-12
8.595593444691484916e-12
8.177496944772283655e-12
7.698606763697959272e-12
7.165225751159433906e-12
6.594869759058054229e-12
6.006698034510473462e-12
5.408412050477699980e-12
4.813331570471631795e-12
4.229595639959235403e-12
3.664007641538924723e-12
3.130342677526509381e-12
2.637399465331384451e-12
2.202735245564031563e-12
1.833630954299416916e-12
1.542132223247798702e-12
1.352353145341509216e-12
