1.280153128552651065e+00
7.409714415725877634e-01
3.778620332070122267e-01
3.135239045953774339e-01
4.555506192071987481e-01
8.651221752126796449e-01
6.586636347983305662e-01
8.102265297664157373e-01
8.131298013828429649e-01
5.280580834413527436e-01
5.984324861625278658e-01
5.204653461645076806e-01
7.788051010916164918e-01
7.557093468915280221e-01
8.237699056724817614e-01
8.288387735050269933e-01
3.705518200067406953e-01
2.922932012959389980e-01
3.506071543743828900e-01
6.918499827742333741e-01
8.339625978228887293e-01
8.244245397134172260e-01
8.092593584435818777e-01
8.239184280117226589e-01
6.170979040414948935e-01
5.914875474036496161e-01
6.797239482679088285e-01
8.289721169845088999e-01
8.001554031603276274e-01
1.073230546066683111e+00
8.174037027075637951e-01
3.796105096648661470e-01
3.145411603142249102e-01
4.053066344447206482e-01
8.778767382480574533e-01
7.501872222649004218e-01
9.419643519655511721e-01
8.504444960445596280e-01
6.320512712821170220e-01
6.526908819312197130e-01
5.116325438988257313e-01
7.872239760201980019e-01
7.689685615337149560e-01
7.625718004568879937e-01
1.238067768880308783e+00
7.529356520296175415e-01
3.969950098807620842e-01
3.550243694751948897e-01
5.439076782072137517e-01
9.580174172431672464e-01
7.367830718663694878e-01
8.791724773834285189e-01
8.827778226720540689e-01
5.948122248222367237e-01
6.832008461397245380e-01
5.792119113122695673e-01
8.317376589190395020e-01
8.045415022106385816e-01
9.075619298886468123e-01
1.040419300472926745e+00
4.446410542484037776e-01
3.585836427144071803e-01
4.110381352097173258e-01
7.953541214279535865e-01
9.597234978529508576e-01
9.211169168880577462e-01
9.586577970439094099e-01
9.718131595623350494e-01
7.585098921850926823e-01
6.788767810277807069e-01
7.717784697294488572e-01
8.988308731068903601e-01
9.137852287357626224e-01
1.053341202613774064e+00
8.320869361887686111e-01
4.142927629215198970e-01
3.577191186038811144e-01
4.610860764041515569e-01
9.649051260444286848e-01
8.382257773350089147e-01
1.023141200957169206e+00
9.299610049582864857e-01
7.437679595897953577e-01
7.079559961888526320e-01
5.781334457536947413e-01
8.798824759997143641e-01
8.516641381867102734e-01
8.981538681779792643e-01
1.313208912151708097e+00
8.151226747412405604e-01
4.100881161011140086e-01
3.514154564142423776e-01
5.016782445508670696e-01
9.637822763985438579e-01
7.404899046904357407e-01
9.152458658975586303e-01
8.432706789609061282e-01
5.727044315153312359e-01
6.706645173846261798e-01
5.642853378175402002e-01
