4.815181114672174800e+00
4.543567647414056943e+00
4.487467581468662203e+00
4.661137017409298977e+00
4.942229372797754650e+00
4.907171136417142421e+00
5.053266576648290709e+00
5.103822250430533281e+00
5.187967244628421959e+00
5.250962644296111925e+00
5.290691457609384862e+00
5.227073984458759703e+00
5.301545177202960701e+00
5.358595755436873276e+00
5.484911441342033456e+00
5.359969398738146040e+00
5.445696613358721017e+00
5.644961362264181659e+00
5.613864925610171142e+00
4.523818496158678926e+00
4.850460265808124838e+00
4.556494305221825414e+00
3.641964642457876877e+00
3.954350729923798990e+00
4.159606648057588174e+00
4.287669996658663329e+00
4.442164194527688181e+00
4.521248665934956890e+00
4.724718572206089817e+00
4.886862056144236632e+00
4.907787379574941156e+00
4.799689536552071978e+00
4.655815369165765105e+00
4.750065487602604719e+00
4.828339737540508381e+00
4.988033527753216845e+00
5.046017373046323584e+00
5.027012847296468578e+00
4.906412709956557983e+00
4.732865313007962982e+00
4.619640643414264503e+00
4.631665343643711630e+00
4.637341258848163505e+00
4.614397960563548118e+00
4.732477566438910266e+00
4.673013148038906550e+00
4.581614132887175117e+00
4.438686709202585234e+00
3.856574742515316956e+00
3.444786426604276919e+00
4.047495836110195810e+00
4.401894612018584674e+00
4.758556269694234508e+00
4.761206751685461036e+00
4.556566809752893299e+00
4.636265257456009259e+00
4.850317814020732143e+00
4.876947227946853758e+00
4.882344817872312781e+00
4.771422296859570089e+00
4.793803449019518048e+00
4.877428098349093410e+00
4.882149283032705789e+00
4.903968032235341390e+00
4.828244481258185061e+00
4.778686553343821863e+00
4.786826461028156565e+00
4.697828390471734394e+00
4.670304597490988030e+00
4.828984598278917240e+00
4.887137262999286413e+00
4.728035632535208421e+00
4.636196549937632305e+00
4.645285804938047214e+00
4.793861843782975640e+00
4.913859693697834707e+00
4.957462531184025245e+00
5.050769294986423574e+00
5.002037458730310249e+00
5.009586895226060932e+00
5.059228187770547613e+00
5.073899134239780118e+00
5.202919669189646434e+00
5.271373195142095902e+00
5.263166928779988929e+00
5.386035989642558697e+00
5.405749025027071220e+00
5.571680612032995583e+00
4.917821403261823932e+00
4.149331239404207672e+00
3.866961011540319237e+00
3.882974911821833075e+00
3.904492571904361053e+00
4.400864278300374188e+00
4.408237785621778038e+00
4.475756333169862877e+00
4.476230262295611162e+00
4.704469925903730143e+00
5.040656349002993863e+00
5.065015634559005164e+00
