5.054159229569140876e+00
5.114030196021500885e+00
5.141266510765411191e+00
5.140042881199844871e+00
5.121997191733417942e+00
5.078896247825213983e+00
4.993963415202673950e+00
4.945392808538278118e+00
5.019696320441232373e+00
5.102402225697307614e+00
5.060528854865618875e+00
5.028253248598019809e+00
5.012392174625121655e+00
5.010761552062558799e+00
5.035916010017561284e+00
5.100938712470312275e+00
5.139412116025409816e+00
5.140683873884589694e+00
5.126372534460014840e+00
5.095165454923189507e+00
5.022952365975122291e+00
4.948894214081049014e+00
4.985559122245340369e+00
5.091242362635325591e+00
5.076333156730003182e+00
5.037535347365441396e+00
5.017115705857120744e+00
5.009463454773795732e+00
5.020400498432503689e+00
5.083129659748648166e+00
5.134745394939820073e+00
5.142840927005106977e+00
5.130632115563560802e+00
5.105859260794320953e+00
5.048208438847438195e+00
4.964082872557371573e+00
4.964071889563618889e+00
5.068351311280185456e+00
5.090108260129673212e+00
5.044985300507070392e+00
5.022136093080445285e+00
5.009980452250962557e+00
5.012166758032911673e+00
5.064526250424688847e+00
5.125449201824992862e+00
5.144223772921504789e+00
5.135433694659322867e+00
5.113834655918958916e+00
5.067871292755132373e+00
4.983961398098420759e+00
4.951688555899970368e+00
5.038018832947239289e+00
5.098751897448221548e+00
5.053381408319210344e+00
5.027271432498941373e+00
5.012102400101773547e+00
5.009208365570909649e+00
5.044657728273219455e+00
5.111203125718873252e+00
5.143401625896212970e+00
5.139896152948905339e+00
5.121228671925207365e+00
5.084717719114616230e+00
5.007722690764753182e+00
4.947552721358502659e+00
5.003873309181678941e+00
5.097393856435835424e+00
5.065978706156283096e+00
5.033672000771511890e+00
5.016007292888832403e+00
5.009519399616009672e+00
5.026384973338872797e+00
5.092869808758174521e+00
5.139243586967555899e+00
5.142969966923533143e+00
5.127867955464432193e+00
5.098787536037128199e+00
5.033769285104231272e+00
4.955453169140749736e+00
4.976016549359415286e+00
5.082316333861935931e+00
5.081597661371195507e+00
5.040430425063703090e+00
5.020232471458058399e+00
5.010389397949169599e+00
5.015694500641221687e+00
5.074224534272544496e+00
5.131114205515378224e+00
5.144367953383475189e+00
5.133309824756979722e+00
5.109182090347389682e+00
5.056365422469706772e+00
4.971916224117493677e+00
4.958435614102778111e+00
5.056644731061805231e+00
5.094434923425704476e+00
5.047626677587401467e+00
5.024106010341222728e+00
5.011184736633822467e+00
5.010692115807158231e+00
