9.167248871873323341e-05
1.360057181939267436e-04
1.329272086692114365e-04
1.290649920920777024e-04
1.319810876862559704e-04
1.085368057310515187e-04
1.468101183527517107e-04
7.941844961570564642e-05
9.950039122833756065e-05
9.730884264963576174e-05
1.622066565592298877e-04
1.427905113102026534e-04
1.239429368691043361e-04
1.291449577611791582e-04
1.301948514088096186e-04
1.667072926197548581e-04
1.144000935721011062e-04
1.515390555280736625e-04
1.221997127988491878e-04
2.205017117117286768e-04
1.775235444338916742e-04
1.242017701559626573e-04
1.409415409132389280e-04
1.623107252969109191e-04
2.055796857781988811e-04
1.753629735712326440e-04
2.194967675898497686e-04
1.441717750999314623e-04
2.811395769836339594e-04
2.089448835550443927e-04
1.151818862517796669e-04
1.429287118507358392e-04
1.709791605980328960e-04
2.093137791468173295e-04
1.933580032325694052e-04
2.252805837298391893e-04
1.258855357702097239e-04
2.517974948189006450e-04
1.647390267846397555e-04
9.563697302843816774e-05
1.147711096439990423e-04
1.442935976154889784e-04
1.599145910392359865e-04
1.547216786711806398e-04
1.661467054732519374e-04
1.042006816822152584e-04
1.714753875968499952e-04
9.275204593506569683e-05
7.807609490907463411e-05
9.193233363496515476e-05
1.356887025640481634e-04
1.331354997256587402e-04
1.295270727698956273e-04
1.325130255426419320e-04
1.080915567039668259e-04
1.467468736339718404e-04
7.894580062629742050e-05
9.825524736449202216e-05
9.674186637290134547e-05
1.607654172261741249e-04
1.419893915327645419e-04
1.239204813841379206e-04
1.289062460503028287e-04
1.291910922930918331e-04
1.655412528681641582e-04
1.125917982974224357e-04
1.492836521694788216e-04
1.211783335683597803e-04
2.180979889728881164e-04
1.760804090007963467e-04
1.243124450121356602e-04
1.405078498253547288e-04
1.613184729357083121e-04
2.044052054793389259e-04
1.734371806984167600e-04
2.176052938473318848e-04
1.439719341320649481e-04
2.800210577143413164e-04
2.087400103000321323e-04
1.155948202434085728e-04
1.433779122957274397e-04
1.714912182816396321e-04
2.103975106303260798e-04
1.941580243952138968e-04
2.267866589883035485e-04
1.269888954382579905e-04
2.545709213185130956e-04
1.675316190251339738e-04
9.660477046392528324e-05
1.159356960300115744e-04
1.451406661236300064e-04
1.615284239243065497e-04
1.559710929489795963e-04
1.679447586818638911e-04
1.044335731639662072e-04
1.734044939653809367e-04
9.431801443279416665e-05
7.802569781919634702e-05
9.222265167394863539e-05
1.354052190645456193e-04
