9.187361685052389607e-03
9.499294969216474580e-03
9.055199401833845599e-03
8.002422609759217431e-03
6.752801315102618593e-03
5.902258784921744425e-03
5.891018260507730440e-03
6.476472398949406975e-03
7.015906551942562540e-03
7.050746014260099274e-03
6.463797834336438772e-03
5.484255322217013867e-03
4.647790785431229338e-03
4.493496693468895624e-03
4.930216385327723140e-03
5.399415787709449174e-03
5.517186556622038704e-03
5.186301185573938960e-03
4.520357881401370313e-03
3.798124954641080974e-03
3.398603404182761519e-03
3.514525360273592757e-03
3.892562596084711991e-03
4.152122042779443460e-03
4.081779845257827062e-03
3.670397453340065296e-03
3.089302485331620746e-03
2.657490908385154622e-03
2.639394592803608053e-03
2.916620321194545763e-03
3.167066025744355497e-03
3.193231682531434950e-03
2.958074605179752872e-03
2.546249922497123390e-03
2.142251194944435992e-03
1.972347905973740202e-03
2.096224759895821878e-03
2.319962880410907872e-03
2.434780098285783262e-03
2.347317434455250228e-03
2.076568871005299126e-03
1.739839330730655288e-03
1.525714770077081159e-03
1.556013968199399964e-03
1.726411205009659383e-03
1.855040042683959957e-03
1.843188711135954755e-03
1.681873241735016298e-03
1.432181054415532879e-03
1.213290680609627583e-03
1.152380062235034341e-03
1.249449993560644914e-03
1.375027491412570161e-03
1.419487625630726788e-03
1.343956186541108615e-03
1.171945555886902890e-03
9.808660688087555111e-04
8.805446233011946519e-04
9.203595037593687890e-04
1.021776411878208037e-03
1.084548527622979227e-03
1.061004690377701561e-03
9.536273993193700735e-04
8.051411784513317228e-04
6.906675239322613517e-04
6.770988199344149614e-04
7.439873909267275031e-04
8.115246526694058164e-04
8.239553533617876603e-04
7.667892038416399990e-04
6.602150668843623270e-04
5.541978143617458776e-04
5.111398856539293989e-04
5.457186077502126182e-04
6.041651969900037767e-04
6.325930150177963389e-04
6.089876514013837496e-04
5.393678232920121616e-04
4.528032461828035752e-04
3.954540697213043037e-04
3.996299071423489008e-04
4.424109328169165524e-04
4.772118397010308307e-04
4.764828721775693932e-04
4.361430217317984370e-04
3.714810327089037309e-04
3.141740069729980433e-04
2.984271502595315230e-04
3.240519176454468306e-04
3.566493805511328219e-04
3.679741289437527267e-04
3.485042933110591118e-04
3.044033517715094019e-04
2.549904285406953035e-04
2.278457358110441320e-04
2.366565053914253974e-04
2.626314781901360751e-04
2.796739719563628643e-04
2.745938154758532446e-04
2.473814504810632818e-04
