6.504944956788157798e-15
6.532376216599033429e-15
5.589080097408584506e-15
7.144386557128367179e-15
7.726657381372003934e-15
6.806309089244739166e-15
7.410448954027399719e-15
7.863838083257888996e-15
6.512492487626935795e-15
8.645287488697619999e-15
8.464170751985966303e-15
6.650334345681359022e-15
6.733105428510660885e-15
7.202185810730975430e-15
6.479946639058450851e-15
5.450975125667909761e-15
6.060940122311694771e-15
6.792394999489953111e-15
7.282979461634828995e-15
7.506388018508355185e-15
6.663045773174271405e-15
7.097312383151479313e-15
6.277104268654682331e-15
5.702940825942414439e-15
6.563401865619122273e-15
6.016865057515710156e-15
5.389164943940570146e-15
7.263934734381922371e-15
6.964440553349811770e-15
5.700982573613295461e-15
6.332591595176224750e-15
6.131218835416911880e-15
9.081812212640829764e-15
7.661981194414970985e-15
6.174666032744300888e-15
7.430994571406496835e-15
7.699745973247146796e-15
7.040288618774270404e-15
6.474702407544044506e-15
6.225544568393364614e-15
6.390375649921872313e-15
6.624836958116256503e-15
6.192848374740550686e-15
6.005271181150737871e-15
6.074496827986323065e-15
7.182604274922247917e-15
6.955792302339938691e-15
5.732417283804012584e-15
5.414891189595549140e-15
5.962341492431473917e-15
5.447227005572289116e-15
7.453150537941334871e-15
6.882167508329820558e-15
6.594638622745265591e-15
5.648300927884289772e-15
5.760233085825035266e-15
6.317740010158383531e-15
8.862201229402105846e-15
7.414536281597188391e-15
7.480766656830499747e-15
5.733277096875555930e-15
6.551601141933766286e-15
6.392188851269092260e-15
4.640373949565827706e-15
6.272055318128024054e-15
6.680997120997715795e-15
6.339038716723935592e-15
7.358662838524469428e-15
6.303726855061175526e-15
7.211830314357992876e-15
6.192743656819629811e-15
5.585260056934746404e-15
6.220747651591094176e-15
7.067626642185745663e-15
6.326904903017625898e-15
6.808782571721062278e-15
6.525807915409526699e-15
6.432847491740905630e-15
7.081799262865867135e-15
7.001799105744340421e-15
6.945116385922870422e-15
6.042077975663337484e-15
5.809881314823629843e-15
7.441075068012638412e-15
5.517304855308260663e-15
5.988285288858651771e-15
6.605117671553064344e-15
5.490075045050091451e-15
5.636332008211702278e-15
6.177588020157241896e-15
6.991210446689655039e-15
7.240603626029571057e-15
6.507614605384647010e-15
6.137991957929391403e-15
5.021671813346485102e-15
6.116063268158306035e-15
6.562955050210142051e-15
6.147207301428130556e-15
6.466113984623052815e-15
7.149612088072626883e-15
