1.446361630552458451e-05
2.011862082941862488e-05
3.031985718073231431e-05
5.800104513658049733e-05
1.169308179268582895e-04
1.350338606095359800e-04
8.728599474108927924e-05
8.387251337790445002e-05
7.977847330629901429e-05
6.706469591663962945e-05
6.501260427641233539e-05
7.523618702561505646e-05
7.715574598051739153e-05
9.914294729304235529e-05
1.834121797446281832e-04
2.235791287430383741e-04
2.807500396617558340e-04
2.134001178650854588e-04
1.835954005189605195e-04
1.046043618670120803e-04
7.644696908747130042e-05
9.720518710964636867e-05
1.190282390971303319e-04
1.119961048924415916e-04
8.968162291627069995e-05
6.650328768524121296e-05
4.544539277393948090e-05
3.011173584335508018e-05
2.022310478251915429e-05
1.467436385843557783e-05
1.257683868921354004e-05
1.327255755319506265e-05
1.631942748128337745e-05
2.175149915758049565e-05
3.010791124650655080e-05
4.210406902573830649e-05
5.838714337403999138e-05
8.331651820918735310e-05
1.379351500459142783e-04
3.087487888418412058e-04
4.087338826001884009e-04
3.071465391839635394e-04
2.895764247320435289e-04
2.180461370417916033e-04
1.284260310944205835e-04
8.730211430622699862e-05
9.042049910877327748e-05
9.858043934221908040e-05
1.023445380598646021e-04
1.804079209814078320e-04
2.737171994754467215e-04
3.352580716551449872e-04
2.732742116133752056e-04
2.230414981704028461e-04
1.551476153645383346e-04
6.229248095122054657e-05
4.441800603240214461e-05
5.212292279459140496e-05
5.738856873258730407e-05
4.969886055721810703e-05
3.903723234133030375e-05
2.839917533627847588e-05
1.965494185980845649e-05
1.372382613615502709e-05
1.027173753054482581e-05
8.886195603884461614e-06
9.236588064881444201e-06
1.110369473522822387e-05
1.452855814644466997e-05
1.988574929697753291e-05
2.777987496639883628e-05
3.874450240330805671e-05
5.385580701558482966e-05
8.079345752944088518e-05
1.528264844410018568e-04
3.143808061062174845e-04
3.909719694606826243e-04
2.440218998162959913e-04
2.369332892602484203e-04
2.241133165800842915e-04
1.817581002058067500e-04
1.685095329264166286e-04
1.935884344654518596e-04
2.010257159446837943e-04
2.451826389556660849e-04
4.581954600556060238e-04
5.858979406977137807e-04
7.827175936392550973e-04
5.825072233892988243e-04
5.091924780330701590e-04
3.013229666157972507e-04
2.206478101498894249e-04
2.804125564176436882e-04
3.536606410992127782e-04
3.459813275004136493e-04
2.804107370315375063e-04
2.104340358842626683e-04
1.447825064548343798e-04
9.576166546007696951e-05
6.360631708673971881e-05
