7.621466343295421702e-15
9.342681705522464428e-15
7.933678733167086618e-15
6.901984323694965512e-15
6.740925838007863942e-15
6.237590916372579604e-15
5.729178178998395215e-15
6.740260643492836549e-15
6.261544656414701662e-15
6.233191921419880477e-15
5.772315239593579609e-15
6.568769998423397232e-15
7.153531281572559376e-15
6.602758857397911773e-15
7.098021276947171288e-15
7.553205155027803803e-15
5.969090467475269649e-15
6.695515340163180250e-15
7.612384135101134433e-15
8.251143477537736710e-15
6.738203035752134661e-15
6.810288411926081960e-15
6.093273698821065356e-15
9.357666884636745557e-15
7.141125038770154257e-15
7.218696110910160345e-15
8.882539125383672292e-15
8.991659188120921494e-15
7.186801727290846976e-15
8.023120643790292039e-15
8.364344862122975036e-15
7.558655416918840726e-15
8.411462892927763264e-15
7.005501580863852837e-15
7.737592452226903774e-15
7.630358238745753685e-15
7.221227181859412714e-15
6.963384013011353471e-15
6.979125423443307155e-15
7.718855237777619708e-15
7.172577080216508418e-15
7.635693132526900020e-15
5.819249566799129945e-15
7.823120716370584955e-15
6.680084068061373072e-15
5.869938473272398132e-15
6.780140256097440925e-15
7.273868531870047897e-15
8.870266790465841549e-15
9.067053993455559200e-15
6.359333970641343138e-15
5.758628067166933667e-15
5.785502610480722529e-15
7.473648638012297430e-15
7.177713082262729840e-15
8.373226304146113741e-15
6.825463247967819057e-15
7.193344184528842066e-15
7.013390914806262064e-15
8.063171060548292483e-15
9.397960983139635630e-15
8.547062015980429585e-15
7.429357132291574877e-15
6.058734339084579527e-15
6.433187644122092029e-15
7.250514123688960902e-15
7.258677768487697097e-15
6.982625357433753113e-15
5.660170971167534309e-15
6.505044663364710710e-15
6.373079414791487417e-15
6.862917961737438014e-15
7.028738400067600837e-15
6.416671557124831472e-15
6.267529091169837798e-15
6.502713049302177345e-15
7.291250784795821654e-15
7.105825663680606992e-15
6.620073292002218620e-15
7.758713841567242096e-15
7.510386484580318100e-15
5.963080423930321749e-15
6.492385870463547809e-15
5.668622980115030569e-15
5.913127070676395016e-15
5.375273254259503054e-15
6.081900923680081398e-15
6.174718910731727338e-15
8.022676543649240046e-15
7.002193207145824437e-15
7.203538606540495224e-15
8.583244361330803043e-15
7.658058417242757516e-15
7.683345446376336403e-15
7.976242897285878978e-15
7.401361514072386895e-15
6.102975134502696277e-15
7.431583311256171211e-15
5.802940436959404569e-15
6.145451276571161117e-15
