7.122692418551134021e-15
4.958724275842923378e-15
4.124724883243185866e-15
5.882265761919919421e-15
5.176193156563525891e-15
6.212740906762562855e-15
5.890816487522275049e-15
5.219842031321165767e-15
5.483419816798079358e-15
5.733644581041506807e-15
5.916575284795369137e-15
7.245129448690735793e-15
7.101507478422914957e-15
6.182345488226966476e-15
4.682603507817524169e-15
6.042206471564310255e-15
5.891295364728297517e-15
4.964568581192466192e-15
5.128068911695015094e-15
5.158631894976617003e-15
5.575347614896290627e-15
6.255440335199015088e-15
9.298337743672753314e-15
8.379445059988971937e-15
7.401687039892586646e-15
6.126376812737049694e-15
5.870155130973931624e-15
5.960545708915112114e-15
4.567788134499203840e-15
4.359578224419129428e-15
6.112277674348784692e-15
4.944097106598293470e-15
6.187103523523677633e-15
8.159875966603293046e-15
6.257222182055435407e-15
5.406354424348329079e-15
5.006447114859281076e-15
5.138894608538271633e-15
6.238275521963361285e-15
6.051580546074774385e-15
5.083598858976390872e-15
7.147108141554380826e-15
6.521005580688390633e-15
8.050700502387468158e-15
7.034370698728472803e-15
5.059790513249654944e-15
6.336454053980955702e-15
4.898309362526838851e-15
5.252330471744870203e-15
6.518348990620455756e-15
7.315804021447487523e-15
5.667650885533411518e-15
5.144087305380017990e-15
6.169888819028751272e-15
4.725365733141584603e-15
5.360291137291681921e-15
5.271403361137459144e-15
5.847070757060542188e-15
5.334414663462890905e-15
8.115484053054720229e-15
9.272583143294750067e-15
5.484203986738802795e-15
5.716498470008119726e-15
6.107713289897767769e-15
6.447348344800494352e-15
6.011062153684881214e-15
5.904219207321020149e-15
4.359777037860823555e-15
5.652427084133988458e-15
6.220649026970815141e-15
8.015902891869352076e-15
8.922527770523756962e-15
7.212218584758673777e-15
5.722855129928333721e-15
4.853024413513693870e-15
4.954262433395596271e-15
5.536583599581065823e-15
6.657050173890477726e-15
7.036335712492249293e-15
6.785264672700666181e-15
7.021235368765142898e-15
6.064442424619219156e-15
5.739660247409521028e-15
6.203526638380457382e-15
5.150653121262621199e-15
6.194341202198853702e-15
6.088982707898103879e-15
6.110063320981973191e-15
5.449656991960339897e-15
7.982286532143342592e-15
6.886241591952496376e-15
6.054745583732429140e-15
6.115612862766197828e-15
5.899361817366045646e-15
5.448585303198579038e-15
5.229307751484187537e-15
7.711975240803687157e-15
7.543759593213505569e-15
9.505957680592982773e-15
9.759191545086085673e-15
