1.109865627615973544e-14
1.028819029592747914e-14
8.173605416579223745e-15
8.247856966697672482e-15
6.989093997543540199e-15
6.744299740633493572e-15
7.510304181846953547e-15
1.137004053739817774e-14
1.215440623302227691e-14
1.303723441993400689e-14
1.132586227895944295e-14
9.466356643309296023e-15
7.099627049621088309e-15
7.875665261944586017e-15
7.456757642227098434e-15
5.367321969091823346e-15
9.030601413120132033e-15
1.427681267467768452e-14
1.231396908214243594e-14
1.265425799015664906e-14
1.402285490179301632e-14
1.447672548006900767e-14
1.148814518656564317e-14
1.293384469162597988e-14
1.062411225748964519e-14
9.602548795927188482e-15
1.264118659259731786e-14
1.320806382231507286e-14
1.242126502011785591e-14
1.250310185670920563e-14
1.006756991949060454e-14
8.627349638355240123e-15
9.239088417361935836e-15
1.008695035692128679e-14
1.187580726052640658e-14
1.210379313607245919e-14
1.222646255287201203e-14
1.090671735163296608e-14
1.065780902960812437e-14
9.316598947281779536e-15
1.193544518183942207e-14
1.030539174508258712e-14
9.639678583968430990e-15
1.010574986490836099e-14
1.088159560052986836e-14
9.442380815989315256e-15
9.395764556694321194e-15
8.002137058094164945e-15
1.003469399036984781e-14
8.619683677011942213e-15
8.069979150335839772e-15
9.381962607682140717e-15
1.161511718550554447e-14
1.014055191234654558e-14
1.068137020052394348e-14
1.087552762251559131e-14
1.209127552245906516e-14
1.394700502651201789e-14
1.387455439446651369e-14
1.467822656224551555e-14
1.545352636270351698e-14
1.549203019278516590e-14
1.135086667227257613e-14
1.018481673928559602e-14
8.922184089817972922e-15
9.964375618774882066e-15
7.664869740456472285e-15
1.059209724919913893e-14
1.109702895708587344e-14
9.731660825843270120e-15
9.484603143135648499e-15
9.487097580009961260e-15
6.209392462550328990e-15
6.572652752928024012e-15
7.604201464259039242e-15
9.719452532116134498e-15
7.604519630326731227e-15
6.670767646665696125e-15
4.812660694109324233e-15
5.494547046929873118e-15
7.012968518700178418e-15
8.472656018810038656e-15
7.432892433483980056e-15
8.623998581545115007e-15
9.137972098139061424e-15
7.732853287338687429e-15
1.084829489057149987e-14
1.326393482654465047e-14
1.258874956062432284e-14
1.073321344820676385e-14
7.160517947907279241e-15
6.116021999291797724e-15
8.020826830939294702e-15
7.507851188932180221e-15
8.166129692303867570e-15
7.663770367851054759e-15
7.774648308921645026e-15
7.544482167860578735e-15
6.938941717058304145e-15
9.401837684974314067e-15
