7.413915898253168824e-15
6.473269354425836748e-15
4.727803853450887142e-15
8.319647886082395056e-15
6.407102233665108423e-15
6.367623355170183434e-15
5.286018964735482360e-15
6.127855862363203334e-15
6.204409180760889007e-15
5.917815335770900552e-15
7.932760720177238719e-15
5.888237696904188768e-15
6.728706367119563840e-15
5.880019996646427301e-15
5.877367300127544592e-15
7.120387574530660267e-15
6.072391536674252127e-15
5.911127453079828084e-15
5.110245685848407823e-15
6.848654230116003372e-15
6.332513899034537705e-15
7.818019190172036490e-15
5.436858060015958766e-15
5.623636667311923151e-15
5.381663872059543912e-15
6.331766351665443739e-15
7.334287972316062364e-15
6.773106242487770696e-15
5.761574506229795733e-15
5.728093955110205087e-15
5.700701750320738421e-15
5.722727860517875545e-15
8.898327648704849748e-15
7.917739025677204082e-15
6.138763102204609670e-15
5.644988768925930057e-15
6.166069653994465520e-15
6.010615332599250819e-15
7.033822832981381324e-15
7.398516921458907455e-15
5.361559662669483568e-15
4.935333105180933831e-15
6.377821446206859073e-15
6.973628073453011452e-15
7.777422172772910447e-15
7.680155489949302047e-15
6.332592545581841868e-15
7.049676525319120699e-15
5.603522020446431787e-15
6.641660856842870360e-15
6.548778486714571985e-15
6.999413394687391833e-15
6.483561655237792341e-15
7.194153209113377707e-15
6.603408737482577594e-15
6.203085176082744396e-15
7.678193966845096264e-15
7.299107476872000115e-15
7.970856594194946281e-15
6.731954079441109521e-15
7.082270972035630745e-15
8.464369846372342612e-15
5.112467594617484172e-15
6.320894842056458580e-15
6.473337458355725202e-15
6.847291969629276121e-15
6.296111643827242466e-15
5.630889957385717606e-15
6.989590799112971567e-15
8.035568326972780236e-15
5.929455874645289352e-15
6.531269825448125214e-15
7.703970236265590443e-15
7.148398059283915765e-15
6.615936563853690250e-15
7.019331064368842860e-15
7.664250577496673514e-15
6.269729587693329983e-15
6.988636829248532363e-15
6.641359772171556132e-15
7.741062740129025998e-15
8.173145238792979669e-15
7.466361282858236199e-15
8.287863213914648042e-15
8.147476139283910249e-15
6.399873826638123018e-15
7.504745977738564804e-15
9.364671031908425504e-15
6.819166872824931117e-15
6.378174367398649187e-15
6.945742898347919573e-15
5.806143056334548688e-15
7.135613325762134488e-15
6.446802872224552285e-15
6.082562174959165779e-15
6.685139040355427369e-15
9.019728868929369559e-15
1.014608634064906433e-14
6.592339966418467514e-15
5.199887657259797575e-15
