1.691647459469114672e-04
1.476118231798896976e-04
1.235046282174365694e-04
9.794871988931480404e-05
7.279086736514301954e-05
5.146354897823294752e-05
4.044260392757790607e-05
4.404885808908993891e-05
5.475987587594002918e-05
6.444966435681743556e-05
6.963708973150733756e-05
6.924752466108765627e-05
6.356017812590914525e-05
5.405156109172041650e-05
4.383544165412482825e-05
3.847088296299745183e-05
4.291134744127131302e-05
5.455287655786534358e-05
6.777496347041970289e-05
7.895862554220318583e-05
8.608903520768786165e-05
8.807685290018450763e-05
8.454767930132150793e-05
7.588184824531745223e-05
6.350234847991747850e-05
5.071110462174244497e-05
4.408156187243635461e-05
4.978631887456860323e-05
6.420567849989794820e-05
8.004365548417338824e-05
9.268707481857145220e-05
9.961549157244140387e-05
9.967239596545521176e-05
9.287479787567739825e-05
8.043932709369263311e-05
6.508341719453784098e-05
5.199524567930218497e-05
4.905187637019151926e-05
5.887705098486665703e-05
7.467612443481636117e-05
9.001541579457860223e-05
1.013862899559848083e-04
1.069228172925432033e-04
1.057648695831900137e-04
9.794205224766023719e-05
8.457610136231815442e-05
6.858918032179054324e-05
5.638813870474209864e-05
5.737371650684885537e-05
7.238196624360000730e-05
9.249901938463258103e-05
1.105026178486416538e-04
1.223068352215297191e-04
1.258039189326236134e-04
1.204561606828192095e-04
1.072354261503791033e-04
8.878710305638679078e-05
7.019519955861067216e-05
6.028116541729509697e-05
6.657133671777548493e-05
8.415496058871892724e-05
1.038455150937737926e-04
1.201053270147995060e-04
1.300152361550832082e-04
1.320747926391545714e-04
1.258471180118440609e-04
1.120509535876043465e-04
9.313020399686948393e-05
7.484785860676164057e-05
6.820857587084212293e-05
8.083748600900605562e-05
1.048039434085606692e-04
1.292690111725942610e-04
1.476317955878495166e-04
1.562856309528591451e-04
1.537936229320632146e-04
1.406949471449737705e-04
1.195332725150473617e-04
9.534373881284141595e-05
7.716805550104065682e-05
7.661909113781607730e-05
9.394986418623557016e-05
1.178895906592143650e-04
1.398576555902592846e-04
1.553319035104716605e-04
1.619191839792736079e-04
1.585678510939466767e-04
1.454820975579060630e-04
1.245455793446347871e-04
1.006736259455298275e-04
8.471276507227038660e-05
9.069718145795207392e-05
1.166138760845335080e-04
1.481707361691801802e-04
1.748878946518408995e-04
1.908167731734383428e-04
1.930858085201906976e-04
1.814759672488188878e-04
1.583142701992073034e-04
1.286613059969904621e-04
