3.435118788391369788e-06
3.480554951591947633e-06
3.532366367412989887e-06
3.590930737565001265e-06
3.656682783181499237e-06
3.730121306711010969e-06
3.811817563151243606e-06
3.902425151686649347e-06
4.002691769844148716e-06
4.113473222289182278e-06
4.235750146071573815e-06
4.370648040144446979e-06
4.519461364012733152e-06
4.683682637693658315e-06
4.865037785207932360e-06
5.065529225484606672e-06
5.287488728690328853e-06
5.533642652000785176e-06
5.807192906968489381e-06
6.111918163365592773e-06
6.452301294453676639e-06
6.833691092547529489e-06
7.262509079067446621e-06
7.746516522128623516e-06
8.295162375846915420e-06
8.920041392373379271e-06
9.635504042535946923e-06
1.045947839999217000e-05
1.141459224767310351e-05
1.252972702163888662e-05
1.384220360182152121e-05
1.540090982231991551e-05
1.727086037885622934e-05
1.953998466469915663e-05
2.232946737891953841e-05
2.580991188165808044e-05
3.022734563147293606e-05
3.594644560235830033e-05
4.352509161690195234e-05
5.384850341420380654e-05
6.838264525484780024e-05
8.968106174698801318e-05
1.224702218617358630e-04
1.761784157653382065e-04
2.714784039337054589e-04
4.583019789426376616e-04
8.244667772539834415e-04
1.210236734273939562e-03
1.848279875462279691e-03
1.749887281326359444e-03
9.666314528175900872e-04
4.031499129613395557e-04
1.760529403163745162e-04
7.543542791351846063e-05
3.201855822428768079e-05
1.355125289781901890e-05
5.959193174474639636e-06
2.944363445254209820e-06
1.714914778239831360e-06
1.127656833953077264e-06
7.841844707659045951e-07
5.565407434019969410e-07
3.974203135940333562e-07
2.840328348777041622e-07
2.027881990805971004e-07
1.445694926493411620e-07
1.029247278735052208e-07
7.319792590205825624e-08
5.201695310384475381e-08
3.694589820146750715e-08
2.623267105220090848e-08
1.862209976151917903e-08
1.321783875236663688e-08
9.381253337960508893e-09
6.657991528319040030e-09
4.725152889904253239e-09
3.353377138469381203e-09
2.379831591476374179e-09
1.688917562434198034e-09
1.198588074596941875e-09
8.506147833725440003e-10
6.036578912673309350e-10
4.283997985881272136e-10
3.040267733488862233e-10
2.157644081590664941e-10
1.531289870833182152e-10
1.086708436943636983e-10
7.712000924175131439e-11
5.473226411374590609e-11
3.884200486048515794e-11
2.756340951371033457e-11
1.955780259804819910e-11
1.388098766643568261e-11
9.849366688227132321e-12
6.991887016602405378e-12
4.958946223981494118e-12
3.518014013460277694e-12
2.497409325051235895e-12
1.773501130951807158e-12
1.259615744461628979e-12
