7.577609111963527495e-15
7.651317994760119447e-15
9.393621325846721034e-15
8.316852153323294140e-15
9.744305564830058829e-15
9.014844516028353106e-15
8.505986211211210611e-15
8.075988886929882643e-15
6.804754386682270319e-15
6.672245326995062711e-15
8.118371684860369955e-15
1.248907187979736104e-14
1.243701209942324342e-14
8.108513382044975835e-15
9.023402904643945387e-15
9.865182675441577720e-15
1.021007618499804001e-14
6.532353413426162454e-15
6.879028172398020809e-15
7.374143000219273163e-15
5.929764179711898902e-15
6.571925881542552253e-15
7.870199526108598909e-15
7.622652290964237803e-15
8.395287772366130301e-15
8.896430703369069478e-15
8.828354604864786805e-15
8.542870630942297309e-15
7.409982754809236923e-15
8.783585390902207251e-15
6.023389577075830991e-15
6.638039912751759928e-15
8.068484396835958296e-15
7.317219078879340624e-15
7.068085194117487221e-15
6.839846382770715333e-15
7.298218137833188453e-15
9.811215351837710006e-15
8.994389328801250050e-15
6.181650048632847024e-15
7.986038567762133507e-15
8.395993704011148957e-15
1.094317743038306231e-14
9.361016013257649164e-15
7.346806239843487479e-15
7.036212059844160160e-15
8.537769165542898061e-15
6.303349237122926756e-15
9.510711594208085402e-15
1.284345271890085365e-14
1.036062924357103905e-14
6.800757002496223565e-15
6.768816314601371311e-15
7.450984871750411495e-15
9.983882943352466659e-15
8.764434356023054296e-15
6.999061487231227111e-15
7.494463377255520653e-15
6.713768248519094844e-15
6.564099652953980746e-15
8.557506952982960218e-15
6.769528713054057256e-15
6.323940082429745184e-15
6.402462027980156301e-15
7.317383169017134547e-15
8.234754997446852307e-15
1.013025650022474460e-14
8.927467477005070199e-15
6.396420164685484986e-15
7.950670129343717673e-15
8.351838921127544768e-15
1.082317943885516106e-14
7.707457810007277650e-15
7.365385226392463774e-15
1.009398623898295127e-14
6.362180117304788433e-15
5.961783002402397659e-15
7.648452462251129982e-15
1.001917442759718002e-14
7.156265249227599360e-15
1.167616637903757040e-14
1.385746386741299796e-14
9.470873069106864548e-15
8.925364022174851265e-15
6.924329493108787567e-15
6.402998059848229145e-15
8.549525650839162524e-15
1.088135635073926250e-14
9.621015521390945885e-15
1.149793053675054325e-14
8.637879226529871870e-15
8.274312577972462280e-15
6.577510082157544682e-15
1.084396721615631772e-14
1.021654769087983032e-14
6.832071593104038597e-15
5.650032709327202161e-15
7.228214505650668196e-15
9.929586421873652278e-15
1.002082531910137780e-14
