7.070118515625346671e-15
1.123905729464190265e-14
9.815984905490214449e-15
7.270444063255629669e-15
7.915513757520435862e-15
8.358378405902817621e-15
7.835833550369720488e-15
8.728596497412838873e-15
8.976975008096501013e-15
1.016298352559137222e-14
8.804011326091312357e-15
8.124447900958922055e-15
8.181937980920103056e-15
9.428384272023199059e-15
5.762744663962628373e-15
5.239160423958409795e-15
7.005343770410686970e-15
7.465422939513813184e-15
6.188946132020124890e-15
7.826977455342334567e-15
8.759309651691527619e-15
1.145245237691650179e-14
1.037318898073189670e-14
1.311244477119348232e-14
6.555378915857434843e-15
8.936695860287158979e-15
9.703705957852424790e-15
8.092591924264606185e-15
9.019035806299906974e-15
8.594583778592999749e-15
1.179375012991728120e-14
8.652535338447345852e-15
9.546325141791973219e-15
1.164711925177236767e-14
9.996388997559111416e-15
1.013927207306959662e-14
1.004169302845478274e-14
9.354491156921890055e-15
8.777326409305477430e-15
8.813524804716579244e-15
9.604945359593813208e-15
6.811777628851621313e-15
8.673540748135961902e-15
7.125046565670537991e-15
7.924758588543405486e-15
7.356875136343343182e-15
6.906023921921345908e-15
6.855370222914267510e-15
8.534780796022943615e-15
1.097782211368665169e-14
9.556319088844431592e-15
6.667515518196144051e-15
5.887111012695652238e-15
7.254043920258937201e-15
6.922395555544986770e-15
7.357213201184357610e-15
7.635546721081840486e-15
7.144008513855203644e-15
9.275316125464583184e-15
8.557290376487475917e-15
8.964820066372928378e-15
9.611685526661858374e-15
6.269166080693165749e-15
8.674879039244166767e-15
8.139937184596931527e-15
7.818183161843721556e-15
8.154335440818090492e-15
8.065395885277810403e-15
1.136578834277534435e-14
1.026479064678849911e-14
7.725107932740442232e-15
8.345852538301985634e-15
7.136195545895672168e-15
7.756588437660218410e-15
1.090635790477518053e-14
7.718710147933472680e-15
7.168954072124711575e-15
7.938545021581363683e-15
6.537590064641487751e-15
7.462864467991458300e-15
7.673692188259073774e-15
9.291389054794410887e-15
5.759734413592450682e-15
9.386714640185915374e-15
7.034048989860703895e-15
7.626163488525058302e-15
7.720632924336226850e-15
7.655299124403085253e-15
5.413239281687168088e-15
8.469175355246203629e-15
5.610844018988335924e-15
6.534805795631245064e-15
7.809215723592803387e-15
8.531085970636621286e-15
7.830793914359927406e-15
7.017552598778700669e-15
8.193173720764296459e-15
7.369906897745693143e-15
7.466981943464296219e-15
8.338201021847612719e-15
