3.919397863609961648e-06
2.681516696831369268e-06
1.802487486448099304e-06
1.190325683662474582e-06
7.745991569709433556e-07
5.022129049319572591e-07
3.332183331200472301e-07
2.361175862525423215e-07
1.838137010747666004e-07
1.541874088520060900e-07
1.334557541919909314e-07
1.155666070865316110e-07
9.875811258338772130e-08
8.293010384900918616e-08
6.840423567740251652e-08
5.547237160944420695e-08
4.427949890754637951e-08
3.482790249007781927e-08
2.701615519975966600e-08
2.068038616485658771e-08
1.562768496242420056e-08
1.165983762137658971e-08
8.588416255165241702e-09
6.243322649090163697e-09
4.476680245556481671e-09
3.163615609918600844e-09
2.201142019522832606e-09
1.506056329995184627e-09
1.012324412893989264e-09
6.684563245864517274e-10
4.349443714132143227e-10
2.819878001567207376e-10
1.871128616663087994e-10
1.326055515293138485e-10
1.032493847184856667e-10
8.661772744464047594e-11
7.497802743538970866e-11
6.492952470181435855e-11
5.548743571157311953e-11
4.659631527158080290e-11
3.844570056996249348e-11
3.116573984687787984e-11
2.486892350925353645e-11
1.955802694947321669e-11
1.517535369287669788e-11
1.160817179276595540e-11
8.763016434581594433e-12
6.543870852369955810e-12
4.827084726132069337e-12
3.514449794925942573e-12
2.518459192045225079e-12
1.773882194014949590e-12
1.229346816955489811e-12
8.391473131396401051e-13
5.745343998099629202e-13
3.829101141292870558e-13
2.520053326474754335e-13
1.593911952953448110e-13
1.035257096766611535e-13
7.552308588376555126e-14
6.084280285449829434e-14
5.124690441135788495e-14
3.966358557321906494e-14
3.531195559659722443e-14
3.149968085123311951e-14
2.776310984219381749e-14
2.805042211331922609e-14
2.341986970600080902e-14
2.248132501313637736e-14
1.845032535694002534e-14
1.923205850360298871e-14
2.106498941867680737e-14
1.770405169933874435e-14
1.741549911591227035e-14
1.241309611868977501e-14
9.775459700112058231e-15
1.074408711739237092e-14
9.665992998110181310e-15
1.156484576160541570e-14
8.512636483616775845e-15
8.639883584169865530e-15
9.721387302557999495e-15
1.000120308546260571e-14
1.171475666837010932e-14
8.083622486412392877e-15
9.012710545979296240e-15
1.149062322463489540e-14
8.545867131644934227e-15
7.776725873198055133e-15
9.054201733073009990e-15
8.816221415572801419e-15
1.128997780439495009e-14
1.079738198987289240e-14
1.152590971834623083e-14
9.554249089459831793e-15
1.112427715547138690e-14
1.061284031032221640e-14
1.124283064090529322e-14
9.932227593380718347e-15
8.810469991205268792e-15
