1.623268345640088128e+01
1.584793803093973708e+01
1.722886343654069563e+01
1.787275966631591473e+01
1.933068072572473639e+01
2.040370356993156520e+01
1.376208143784915627e+01
1.374893403114718993e+01
1.428468921793963275e+01
1.286595631740690493e+01
1.652940541762470517e+01
1.901261522492182010e+01
2.181795764889703193e+01
1.735077638576139591e+01
2.028594690298640657e+01
2.318327635011142718e+01
1.658681513094080628e+01
1.668761958277501734e+01
1.715923606238067833e+01
1.586437304072303434e+01
1.469938771408778244e+01
1.228787392527155120e+01
1.112482531626780080e+01
1.134110905007239900e+01
6.636018918058498528e+00
9.957435847079278091e+00
8.150146790452369672e+00
9.069501870688721823e+00
1.041686886171305026e+01
1.032119857159197096e+01
1.495160491955724247e+01
1.582356063360864162e+01
1.867385368233770748e+01
1.876692416150271825e+01
1.951071976477309633e+01
2.285859051415987508e+01
2.035525158929187484e+01
1.869015843226176443e+01
1.837613939542065822e+01
1.547670142131067195e+01
1.697763896570782194e+01
1.863102169569345889e+01
2.326189844254167483e+01
1.791604065749440977e+01
1.601826964902392092e+01
1.776979474671775705e+01
1.677753981954603901e+01
1.904877966396185229e+01
2.126048172458353491e+01
1.875352175017915712e+01
1.824059927942234438e+01
1.953510529025980702e+01
2.333946536540981853e+01
1.975000410394845574e+01
1.788552265008859976e+01
2.019426515803800015e+01
1.429293741824155539e+01
1.476670282047113680e+01
1.837537378633044938e+01
1.997362487269156262e+01
2.024646097749347717e+01
2.139364707767285267e+01
2.323165971597774160e+01
1.890124382066746378e+01
1.882710400480221224e+01
2.120422005147719702e+01
2.435129529564386175e+01
1.752182717543758983e+01
1.522446603723291858e+01
1.248642013347559043e+01
9.311021093253460279e+00
1.013328544145537435e+01
1.116531091765479822e+01
9.632970274089078799e+00
9.901522718865599870e+00
9.994220963310610273e+00
1.191208738480606932e+01
1.473913925448265516e+01
1.647574834888556694e+01
1.524361390166162877e+01
1.712498168966705236e+01
1.899447387561997758e+01
1.588971541148867495e+01
1.505485755592455810e+01
1.621683381459526885e+01
1.460042488480736900e+01
1.516062375268866447e+01
1.194942180081022265e+01
1.218067307307846292e+01
1.275162378634010807e+01
1.485342712444862201e+01
1.288197547169564317e+01
1.301857217757346774e+01
1.593206267662650966e+01
1.562785471525841530e+01
1.452709904016175280e+01
1.040534874657577546e+01
6.526723922500749175e+00
1.193755441381518700e+01
1.595798834216678763e+01
