5.740441129193047009e-15
4.616184894496851802e-15
5.408521732502057209e-15
5.308181626715938828e-15
6.033297735368966866e-15
5.731230564065067045e-15
7.409630852437438507e-15
5.135138457374158481e-15
5.240257086542804667e-15
8.329987018390449268e-15
6.621234082816756217e-15
5.821235802822147394e-15
5.773686428205142649e-15
6.071310117253507020e-15
5.321611690739563212e-15
5.616932087190945953e-15
6.723143906485297203e-15
5.418895266584109830e-15
5.204591370469826012e-15
5.601434796030593043e-15
5.192764626689888710e-15
5.585292451409476749e-15
5.032573699533360941e-15
5.508289349650198105e-15
5.533985676165676695e-15
6.169744021251022967e-15
5.777253290105847731e-15
6.081442978023356680e-15
6.342799338201493932e-15
7.147924083277508459e-15
6.393904821416033668e-15
6.707751127456459986e-15
8.572563451699147205e-15
6.061239319111026317e-15
5.938198986008786963e-15
4.956669922983221236e-15
5.215267188117074761e-15
5.322120669178871990e-15
5.467030849473264811e-15
5.555636640909127779e-15
5.308580433488484023e-15
6.338577272536713431e-15
7.231802571915081354e-15
6.409633994459731309e-15
6.948945634319501207e-15
6.414313581069660718e-15
5.603384001756570007e-15
5.178939947889157813e-15
5.966856009722062234e-15
5.664442746053827153e-15
5.921991585831428948e-15
6.916115375438160268e-15
5.782132412246714024e-15
5.896984191685254460e-15
5.900305602556317004e-15
5.966546342958839525e-15
6.323309843275709236e-15
5.243371229932608025e-15
5.495175750110389509e-15
6.402971564807293612e-15
4.749657671442880611e-15
5.621780397989030593e-15
5.154902950222628842e-15
4.918654472691822521e-15
6.632946083169785653e-15
4.636466735392661016e-15
5.466787481331270908e-15
5.468176398874776199e-15
7.312667760952260989e-15
5.571816227417180031e-15
5.703435230439559916e-15
5.633777495019545870e-15
5.559198808506213292e-15
5.398174324048512188e-15
7.372347214486549849e-15
8.477723011563956465e-15
5.631942935406306781e-15
5.786842057166147755e-15
6.267815725730352802e-15
5.966262635766642993e-15
5.088183782449217364e-15
5.486045988346265925e-15
5.184869085503882877e-15
5.242077458969794042e-15
5.524162629593221247e-15
6.507299283599762410e-15
5.011323390219680929e-15
5.732187939163461270e-15
5.760189267614337461e-15
6.377819794791742303e-15
5.309393189439230629e-15
5.130471588140805156e-15
5.809918348592232601e-15
5.277627835481841887e-15
5.955956494589460703e-15
6.296140321133381440e-15
4.882394554875473583e-15
5.749518522827169276e-15
6.107011399537072316e-15
5.706142614636248731e-15
