4.886994510643607903e+00
4.886995809969598703e+00
4.886996913581925561e+00
4.886996833276752383e+00
4.886995815966531431e+00
4.886994937071626133e+00
4.886994987399640777e+00
4.886995784344553506e+00
4.886996483495834376e+00
4.886996454900013553e+00
4.886995831749286090e+00
4.886995275519553594e+00
4.886995289312058510e+00
4.886995777134087504e+00
4.886996219727933521e+00
4.886996215554278322e+00
4.886995834027106689e+00
4.886995482273937874e+00
4.886995480194300079e+00
4.886995778495467846e+00
4.886996058204549520e+00
4.886996064131879258e+00
4.886995830894146131e+00
4.886995608618342146e+00
4.886995600663160744e+00
4.886995782945010802e+00
4.886995959531191147e+00
4.886995968461048889e+00
4.886995826057079384e+00
4.886995685781627685e+00
4.886995676672977851e+00
4.886995787920370482e+00
4.886995899311824765e+00
4.886995908121440024e+00
4.886995821261448825e+00
4.886995732832944306e+00
4.886995724596702395e+00
4.886995792402882621e+00
4.886995862594237572e+00
4.886995870100385275e+00
4.886995817183985125e+00
4.886995761489517420e+00
4.886995754775322887e+00
4.886995796055836117e+00
4.886995840239486633e+00
4.886995846162843549e+00
4.886995813968555424e+00
4.886995778924942080e+00
4.886995773761423578e+00
4.886995798861434537e+00
4.886995826648278474e+00
4.886995831108426280e+00
4.886995811546898771e+00
4.886995789518813638e+00
4.886995785696115924e+00
4.886995800936699830e+00
4.886995818395543090e+00
4.886995821649994021e+00
4.886995809780342981e+00
4.886995795946431187e+00
4.886995793191214688e+00
4.886995802432139158e+00
4.886995813391477483e+00
4.886995815712631419e+00
4.886995808520836704e+00
4.886995799840808452e+00
4.886995797893823656e+00
4.886995803488662915e+00
4.886995810361910664e+00
4.886995811988950500e+00
4.886995807638125910e+00
4.886995802196757666e+00
4.886995800841747339e+00
4.886995804223790429e+00
4.886995808530587126e+00
4.886995809655686251e+00
4.886995807027809668e+00
4.886995803619739398e+00
4.886995802688092638e+00
4.886995804729113324e+00
4.886995807425421390e+00
4.886995808194956936e+00
4.886995806610450188e+00
4.886995804477709981e+00
4.886995803843496411e+00
4.886995805073053312e+00
4.886995806759671268e+00
4.886995807281272697e+00
4.886995806327606218e+00
4.886995804994088921e+00
4.886995804565909651e+00
4.886995805305227591e+00
4.886995806359352379e+00
4.886995806710217494e+00
4.886995806137352183e+00
4.886995805304261253e+00
4.886995805017219752e+00
4.886995805460891518e+00
4.886995806119137420e+00
4.886995806353600535e+00
