6.976274573781468671e-15
6.209353449613349277e-15
7.365743940936670301e-15
7.152748519203954533e-15
8.154413815040249273e-15
8.862857578173447257e-15
1.133332857188003161e-14
1.113487366223276071e-14
1.308030102149915657e-14
1.100624178860282480e-14
9.062550412292454674e-15
8.322182154033388497e-15
1.257189230281120408e-14
1.174568660525118907e-14
9.881816917937940343e-15
8.155278972115388547e-15
6.397215429386399810e-15
6.161233758558554153e-15
8.271505705912541834e-15
1.253286379934453389e-14
1.069932270969713735e-14
8.548079593025309112e-15
8.031333191015080680e-15
8.092995933934911072e-15
8.378748329141157101e-15
7.605827968145748075e-15
9.174018309784051924e-15
7.961652061942684297e-15
9.512005783095930861e-15
7.086725669424765659e-15
7.612193728304000788e-15
8.526205458264939275e-15
1.006532319705693297e-14
1.427229072911046911e-14
1.196909330370484028e-14
1.225638559030087664e-14
1.066678376217369859e-14
7.908844802645925529e-15
8.798929936139364811e-15
9.381798983605469546e-15
7.920422171471956695e-15
8.549739652249719312e-15
9.371623906293368129e-15
7.180270884850618201e-15
7.464685090276779256e-15
8.034832601439118133e-15
7.988082343567019767e-15
8.153675157680138043e-15
1.032523224062016649e-14
1.166075559203788704e-14
1.266064196152398087e-14
1.599278380149291652e-14
1.279482143381009054e-14
1.302072220552918159e-14
1.315460817162823545e-14
1.230287279496816292e-14
1.749380797566719937e-14
1.634266221834873425e-14
1.775615886792447894e-14
1.634310974798690889e-14
1.333891181719074336e-14
2.012017019446837291e-14
1.687767769980494130e-14
2.173804296361468331e-14
1.656527958112431308e-14
1.346722681539510247e-14
1.282644414575797805e-14
8.694753345918117853e-15
1.053461175129978392e-14
1.210556664221944104e-14
1.088437740493441415e-14
1.142122821267005429e-14
7.921028148631407177e-15
6.767279679266574566e-15
8.556190793676763689e-15
7.572248993738050646e-15
6.515972606239218024e-15
8.751118067293447864e-15
7.642628990784343383e-15
7.276578377567276718e-15
7.256010719863654083e-15
7.183672558265423226e-15
7.648227406892381573e-15
9.303569608068570217e-15
1.070654310847079635e-14
1.324573382095948055e-14
9.098591061477833093e-15
7.177357535253056312e-15
7.952109025962244578e-15
8.552511331299561139e-15
7.049289774330491236e-15
8.422348129124554138e-15
7.540245929354573085e-15
9.208330848438569872e-15
1.282752097959262478e-14
1.036100043458423881e-14
7.895575558897176805e-15
8.057046391738339511e-15
6.752923784515272778e-15
7.032275637188765532e-15
