9.323180283017675762e+00
9.458622770879131281e+00
9.502298842592111328e+00
9.455253520127971711e+00
9.713441311508358211e+00
9.503306425738230701e+00
9.548269094597634066e+00
9.690801224558924787e+00
9.404594916331360466e+00
9.292168934092162047e+00
9.452899500924965892e+00
9.180737418952185536e+00
9.206324002822890762e+00
9.314033415206896649e+00
9.400684547423509230e+00
9.724793739711468987e+00
1.000049938784044734e+01
1.033259881379065348e+01
1.036734360535454691e+01
9.801533154225010591e+00
8.775894548153051034e+00
8.067889982147052663e+00
8.593954657952565412e+00
8.868729488217471868e+00
9.109359632187905120e+00
9.131365722850425470e+00
9.234779643384202430e+00
9.424218100742381310e+00
9.744740025196485078e+00
9.877760353551966688e+00
9.631097736558498212e+00
9.665236442905245084e+00
9.689386177536395195e+00
9.615123780095350625e+00
1.000952287388382977e+01
1.035425478341352701e+01
1.031925533897395297e+01
9.815931113676485964e+00
9.350998792361400191e+00
8.672054931766751906e+00
8.797052425111836271e+00
9.055341684337808061e+00
9.413786624123105184e+00
9.258906033537449787e+00
9.137370074000509490e+00
9.423789194955778825e+00
9.560447294572592014e+00
9.497644867452384787e+00
9.699384538174237846e+00
9.791828779953915429e+00
9.914002547331085324e+00
9.844779011895168352e+00
9.542208937628251064e+00
9.446480676106110863e+00
9.626454185854827372e+00
9.940376698090306107e+00
1.028497436282672339e+01
1.006726543391800810e+01
9.382866325362993365e+00
8.183542268340588066e+00
7.909552366005109469e+00
8.232303572786783263e+00
9.126458763214911230e+00
9.790356258739493001e+00
1.047970654380133482e+01
1.028572338989566148e+01
9.866596435023739176e+00
9.205842536997483450e+00
9.234829742397181462e+00
9.227979161259824537e+00
9.332064035755770703e+00
9.612034919758018603e+00
9.808011953129573968e+00
1.002803930546605748e+01
1.016144040155708339e+01
9.966776185660732423e+00
9.196926265363963182e+00
8.300655548513153903e+00
8.234948791600118057e+00
8.668757220184426515e+00
9.009823106289964301e+00
9.311504664877396920e+00
9.560344830926334581e+00
9.560664540041811321e+00
9.465539130910904930e+00
9.653139051577298346e+00
9.709726007657206281e+00
9.599433533239501770e+00
9.615113299618771592e+00
9.574738551941038622e+00
1.010116701303116926e+01
1.039868882215829693e+01
1.029540200610053979e+01
9.428470760672118089e+00
8.689208817306516508e+00
8.067710332085511027e+00
8.673274371823174178e+00
9.366437207670987419e+00
9.530101428937875596e+00
9.743970125914236391e+00
