5.512101792655541919e-15
5.625121669700769950e-15
6.142558828162702305e-15
5.205517916781672143e-15
6.266826793094322577e-15
6.491591139271214828e-15
6.349096512742253664e-15
6.532723782380952891e-15
7.571288846979963783e-15
6.689048791808202826e-15
6.042781681345658302e-15
7.952357693666931695e-15
7.675601738397418034e-15
7.265211003102799179e-15
5.296580939193227615e-15
7.294190223246654347e-15
6.737982189602618701e-15
5.833935916882861332e-15
5.154745914335105766e-15
5.353835557523640438e-15
5.530227974625677122e-15
6.444865426784058810e-15
8.399942349861048608e-15
6.570600651072220331e-15
5.704512601493064022e-15
5.181309759998061591e-15
5.884011470765675955e-15
6.075108669926111015e-15
6.419044137506800690e-15
5.703442946925667554e-15
5.667154686700985806e-15
6.203792264663401102e-15
5.218289560480941591e-15
5.164320735272651762e-15
5.434014850772734256e-15
6.496969262694767465e-15
6.479225390915456725e-15
5.536919130499750689e-15
5.607250192624438189e-15
5.210522578065966719e-15
5.366818468980415607e-15
6.014286041035139412e-15
6.524410993966565853e-15
5.829573536767299223e-15
5.679265365131288278e-15
8.653304963558824007e-15
6.439948937725656666e-15
5.839115553359727950e-15
5.901369660396471973e-15
5.840072762129042252e-15
6.542497573288996743e-15
7.041394733578551293e-15
7.603702225369341987e-15
5.209741762778319795e-15
5.605842856716996655e-15
6.396155760199266422e-15
6.020221363248943740e-15
7.488418487779904597e-15
6.870841798440190766e-15
7.041280839132603801e-15
6.643469343150083286e-15
6.410052766760487861e-15
6.336925625220037964e-15
5.691102154807554354e-15
7.474826082961151059e-15
5.754104703203651801e-15
6.081329166621558720e-15
5.970092616424274430e-15
6.047216428448635936e-15
6.301813946671436731e-15
5.896001260696356047e-15
5.730752669839961223e-15
6.249238935363806035e-15
6.365055736794675235e-15
6.778001284470463567e-15
8.329945067323804858e-15
6.075133375132502557e-15
6.299090518024492980e-15
7.550261122522084889e-15
5.976629677998172671e-15
6.869785318497006989e-15
6.806513183910217508e-15
6.575805871670087768e-15
7.216857527479656402e-15
5.421431620625031776e-15
6.303530649322420525e-15
6.344013724128284675e-15
5.516759950719532005e-15
6.351604431285082910e-15
6.308959201705657708e-15
5.704452661298858048e-15
6.319757617413852446e-15
6.320366844841557648e-15
5.676423431319478157e-15
8.200762307099862475e-15
6.481553774629665194e-15
7.012823695918895510e-15
6.005152982076474802e-15
5.078329719991620599e-15
5.208288188870929027e-15
