7.329093968583321507e-07
6.722879995108384642e-07
6.161410859375985325e-07
5.642180372285987660e-07
5.162702200184679725e-07
4.720531873894022897e-07
4.313284138858228728e-07
3.938647792608770744e-07
3.594396254335769593e-07
3.278396090584593691e-07
2.988613040554757176e-07
2.723115298974392118e-07
2.480075735613044275e-07
2.257772350753810911e-07
2.054587194712446892e-07
1.869005076564261543e-07
1.699610239858845170e-07
1.545083349712912944e-07
1.404198135141276041e-07
1.275816886932834875e-07
1.158885734039829004e-07
1.052430711209965299e-07
9.555530040331162832e-08
8.674244511932535254e-08
7.872829766512955861e-08
7.144282622831556439e-08
6.482176456740086245e-08
5.880615746367169611e-08
5.334201910070551882e-08
4.837994435924607772e-08
4.387477368525142572e-08
3.978524057613258603e-08
3.607365119375792696e-08
3.270565006930922144e-08
2.964988222146565087e-08
2.687776963154766954e-08
2.436329883999334267e-08
2.208281639806445459e-08
2.001476763483347847e-08
1.813951433823067127e-08
1.643924709094250152e-08
1.489777343484619862e-08
1.350035515343952783e-08
1.223362636846470422e-08
1.108542392700707721e-08
1.004470124857757344e-08
9.101460949841884854e-09
8.246603457414821681e-09
7.471895584595581363e-09
6.769842895077306682e-09
6.133659481441486969e-09
5.557167472275356163e-09
5.034789770123645873e-09
4.561455174913784822e-09
4.132572080924253660e-09
3.743980319440179370e-09
3.391885047263708074e-09
3.072868773487147851e-09
2.783836576913160312e-09
2.521983417941502673e-09
2.284746392756411310e-09
2.069810134743950989e-09
1.875074598905035005e-09
1.698657292572185043e-09
1.538841309486422869e-09
1.394052443265399560e-09
1.262887952536584439e-09
1.144058643908648029e-09
1.036404796814551592e-09
9.388842532646073351e-10
8.505236137064848916e-10
7.704837689626995401e-10
6.979739288739090410e-10
6.322917971537735142e-10
5.727880680345119815e-10
5.188803868175987323e-10
4.700528143690485211e-10
4.258138594178036920e-10
3.857397386726665259e-10
3.494296656780307547e-10
3.165531328052254104e-10
2.867559805488816728e-10
2.597698625590140438e-10
2.353292467987245599e-10
2.131778604350370960e-10
1.931084984599635941e-10
1.749270452337092102e-10
1.584566173463160884e-10
1.435505131922577286e-10
1.300379695932821707e-10
1.178009878844904036e-10
1.067063136592641858e-10
9.665383991122626949e-11
8.755689227643534196e-11
7.932332781518404293e-11
7.185418748937403116e-11
6.509468418440219230e-11
5.896620077645652223e-11
5.341841623692573505e-11
4.839399741677776989e-11
