8.386441479200157741e-15
8.733293786734751347e-15
8.879150931785331618e-15
8.713369673973248507e-15
8.978596281072472450e-15
9.564475401940493306e-15
1.223188537942428467e-14
1.026994383336205644e-14
8.322098127801244700e-15
8.827963029015441070e-15
8.920270627215005439e-15
1.069328120855696895e-14
9.883756593265352573e-15
1.209998306158880224e-14
1.031806600488702484e-14
1.254144455317504967e-14
1.131149212106744313e-14
1.125517844907602880e-14
1.402147813945640261e-14
1.198403483711296544e-14
1.160083095191007624e-14
1.158867294760404177e-14
1.362117678792520823e-14
1.125543815989273865e-14
8.755841595454827626e-15
7.781617272481188545e-15
1.204354064530837593e-14
9.768342839929123183e-15
1.032569668856917705e-14
1.114426332610928867e-14
9.820938290566552906e-15
9.365252683693544566e-15
7.140220553108127537e-15
6.632792168881050356e-15
9.075160602153673518e-15
1.156440989683827361e-14
9.290886019991614917e-15
1.056730000281927958e-14
9.862718910887480798e-15
9.149738622763214588e-15
8.423646529545955482e-15
1.118751265422965499e-14
1.078627932815351953e-14
1.193034075796581445e-14
1.114284109800706287e-14
9.170784114180410146e-15
1.291049964483380704e-14
1.380452107565444328e-14
1.109238885030327973e-14
1.113934269698783283e-14
1.135384837428273373e-14
9.440384282194326059e-15
9.704220231318648549e-15
1.042968635225127723e-14
1.132463059942658832e-14
1.125328355848894153e-14
1.379544354910516208e-14
9.516026555060264204e-15
1.212001604865984838e-14
1.085252798314440117e-14
1.464253567127878206e-14
1.146096778031633968e-14
1.132659677887036664e-14
1.000660392543635034e-14
1.122882596634306628e-14
9.950778573419353694e-15
8.737128354471663110e-15
8.152929235904431268e-15
7.821714357986027706e-15
1.076916075410337429e-14
1.261399663692901269e-14
1.130643726961318252e-14
1.321088036594491943e-14
1.146916716042359215e-14
1.163035806917154801e-14
1.384525809523727045e-14
1.162855980056987056e-14
1.102891634270000663e-14
1.113842078050737868e-14
1.090264713585355884e-14
1.831422193769577839e-14
1.088977180191791326e-14
9.275305986769774310e-15
1.184919403420254567e-14
1.076018726625177229e-14
1.333880581272181967e-14
8.150577206997644810e-15
9.219414971533553835e-15
1.036715197677106224e-14
1.819065415491751267e-14
1.083611681817269959e-14
1.008472212609752396e-14
1.405038328958373816e-14
1.178124702899489105e-14
1.145059735919297243e-14
7.441054442934441555e-15
7.531488367011678863e-15
9.242985695312504019e-15
1.214020966369725949e-14
1.114357169488066452e-14
