6.802527312066840737e-04
4.650712030317726074e-04
5.363170791048116988e-04
6.316397745517579381e-04
7.871775604627651891e-04
1.026385702373179250e-03
9.924284821718125198e-04
7.635661820891774228e-04
6.902180903457706164e-04
4.718201381334893125e-04
5.440558637319186644e-04
6.407657824273225392e-04
7.985126652485198193e-04
1.041214507354989776e-03
1.007009811538792012e-03
7.745897725143755007e-04
7.003388384658061194e-04
4.786725549524489310e-04
5.519120263374790699e-04
6.500305633282496163e-04
8.100190418092511951e-04
1.056268732560969965e-03
1.021819622258658645e-03
7.857805975312627794e-04
7.106176291761386824e-04
4.856301739216769436e-04
5.598874806760957296e-04
6.594363910175939612e-04
8.216994645642768666e-04
1.071552066110170211e-03
1.036861843166785773e-03
7.971413790607550240e-04
7.210571662210048336e-04
4.926947464387507712e-04
5.679841735957639592e-04
6.689855786905821947e-04
8.335567552891794520e-04
1.087068260784672781e-03
1.052140478154877908e-03
8.086748859838071559e-04
7.316602044582275546e-04
4.998680558264020869e-04
5.762040863030875888e-04
6.786804808225438629e-04
8.455937851028562683e-04
1.102821135974864754e-03
1.067659607659173946e-03
8.203839354958509730e-04
7.424295510161161606e-04
5.071519179469765248e-04
5.845492349433497855e-04
6.885234937605569849e-04
8.578134752333918317e-04
1.118814578804861772e-03
1.083423390293211186e-03
8.322713942786135431e-04
7.533680665457360721e-04
5.145481819561677781e-04
5.930216712744792529e-04
6.985170566228871046e-04
8.702187979701235402e-04
1.135052545413035808e-03
1.099436064421032604e-03
8.443401789986600342e-04
7.644786660565526526e-04
5.220587307421394822e-04
6.016234832273233048e-04
7.086636519710331518e-04
8.828127774685819900e-04
1.151539062018043080e-03
1.115701949693076759e-03
8.565932572626684194e-04
7.757643200731030803e-04
5.296854816574216376e-04
6.103567955390901655e-04
7.189658065029087396e-04
8.955984904999213323e-04
1.168278226249896013e-03
1.132225448693058995e-03
8.690336485878464743e-04
7.872280558304995714e-04
5.374303871938736253e-04
6.192237705016290965e-04
7.294260920241131887e-04
9.085790677000408480e-04
1.185274208633855251e-03
1.149011048874296666e-03
8.816644254365538181e-04
7.988729585174906981e-04
5.452954357098908043e-04
6.282266086119347873e-04
7.400471263012765909e-04
9.217576944511328202e-04
1.202531253701861558e-03
1.166063324079686866e-03
8.944887138188793631e-04
8.107021721884045441e-04
5.532826519590543354e-04
6.373675491239293904e-04
7.508315736595453033e-04
