6.857532386671621098e-15
6.525514167061940260e-15
5.495038022073697406e-15
7.276842479351066135e-15
6.252269742554077771e-15
6.392701737129334778e-15
4.956307462451658142e-15
5.365862852302417821e-15
5.487475273587550704e-15
5.505932790353262369e-15
6.683068288982184306e-15
6.406922814718881402e-15
6.513654735731660189e-15
5.021643348619300416e-15
7.039416597435263442e-15
6.037923545608787881e-15
5.568127292180114647e-15
5.467154146359277297e-15
5.945927618788631109e-15
6.669367472602388429e-15
6.253207500272098790e-15
6.171459671754232162e-15
6.557626684563367687e-15
9.008167133261159981e-15
6.521208337069192823e-15
6.012225234671293835e-15
6.098514072895541392e-15
7.935140193991124765e-15
6.953442739359238993e-15
6.358631444948768494e-15
6.325890302956803588e-15
5.622499710685963669e-15
6.550689792482363823e-15
6.312039937808375512e-15
6.552646465338816089e-15
6.047899135826889207e-15
7.594673265801732959e-15
7.219846583372794314e-15
6.580868022288559979e-15
7.350061853335594037e-15
9.557307502474779272e-15
8.704547169495986046e-15
7.523275721799465314e-15
6.766282636037416275e-15
5.949549217656489843e-15
5.100638383815851430e-15
5.679126471573024431e-15
6.918842972363223438e-15
6.433728292834083021e-15
6.010371256634447667e-15
6.760230740167703612e-15
5.709738956231201796e-15
6.175110973480462296e-15
5.536227495045668035e-15
7.461853093680570762e-15
6.914184091088109691e-15
8.100487931978002840e-15
7.108133165609527595e-15
5.319611494448158864e-15
5.619257492984835274e-15
7.480698271128439265e-15
6.951718356042633893e-15
7.154532967832327948e-15
7.031743282056011680e-15
8.618533089951239996e-15
8.102859189107988666e-15
1.007286347570864274e-14
6.396796581131249372e-15
5.522626436534389897e-15
8.054150725867162450e-15
8.723063337923679029e-15
8.664482372815173498e-15
6.235064347005465067e-15
6.433993959560814636e-15
5.187875814035142813e-15
7.069598374731992234e-15
5.477493416612379591e-15
6.388963011565437508e-15
7.215011906459033862e-15
7.413925030867273938e-15
6.865860421689466944e-15
5.396937736428833095e-15
6.628673493348455652e-15
6.857085427523056035e-15
5.939702301195112674e-15
6.323106095144258426e-15
6.402377424374015389e-15
6.496573463418694336e-15
6.354782702425132562e-15
5.548718518977055108e-15
6.646065972710234461e-15
6.679810154592266139e-15
7.372335020014464862e-15
7.461990814791508246e-15
5.901611934312994164e-15
5.419096499916421646e-15
6.515471964299539426e-15
6.124195980217792992e-15
5.863636393079982588e-15
6.157609842572341614e-15
