9.243629656050717710e-15
8.260255974633845259e-15
8.107925233236831250e-15
8.853990087940862523e-15
7.425877489742695996e-15
7.094171857009331596e-15
7.406890663372055184e-15
7.726900452627716292e-15
7.482639996520832753e-15
7.382596194253158157e-15
5.953579893995414055e-15
5.761309449629922309e-15
7.545105787368591173e-15
7.641572887202666408e-15
9.222587166518436903e-15
1.151203271518749856e-14
1.123345754193099479e-14
7.641525433932429980e-15
7.060409431487390122e-15
8.485862154981679304e-15
7.584814763766845743e-15
9.631443922335627276e-15
7.882512920257361764e-15
1.043243660741434054e-14
1.064392102852955244e-14
1.167502037912278911e-14
1.458944161922957357e-14
1.688857484849727415e-14
1.563844614517277773e-14
1.926659929553615450e-14
1.477380851709655525e-14
9.486881854817301102e-15
9.288205579613568912e-15
1.174528981408513476e-14
1.196026262278196565e-14
1.244437874127334842e-14
1.068295309933170229e-14
8.645551504563078308e-15
6.417883511375169378e-15
6.833783687016807028e-15
1.253107930257034649e-14
9.141517930439997294e-15
9.947817867308863722e-15
1.010824059753502290e-14
1.148068057039043814e-14
1.362259374430558040e-14
1.263673224059995567e-14
1.528904054658379164e-14
1.631857283456935996e-14
1.428975022840731575e-14
1.060583365138292439e-14
1.178634275402572605e-14
8.574041848630302041e-15
9.021736168773613608e-15
9.545505248748009152e-15
9.671410947936031954e-15
8.740703247615742484e-15
8.770066109788777018e-15
9.248486372589179929e-15
1.159518645078967780e-14
1.146006477874702720e-14
1.234836974958897583e-14
9.305411701602310177e-15
9.526694222402510818e-15
7.670754101683172305e-15
6.538363326208412043e-15
7.255468560341638897e-15
7.577162381694636333e-15
1.048994604755371227e-14
7.861347466993032128e-15
8.907711640463987714e-15
9.619497996243086013e-15
1.063227599406381539e-14
1.139975818934809325e-14
1.459254927568594943e-14
1.410160888240536173e-14
1.389858760129435956e-14
1.418817310971354389e-14
1.454665432089963417e-14
1.769524928037410928e-14
1.622463638813548855e-14
1.605299229304964253e-14
1.201143106872291172e-14
1.436593497234844306e-14
1.195230873926731682e-14
1.235315799290166087e-14
1.460945287837342980e-14
1.295427359307051477e-14
1.295263447433762267e-14
1.610369899656675303e-14
1.682503161706032017e-14
1.924426670663967542e-14
1.532893447860709762e-14
1.617514685673094141e-14
1.699718732585099247e-14
1.826462588197631064e-14
1.435864503130287087e-14
1.282801471081688115e-14
1.292449850363834754e-14
1.006407299883271040e-14
