7.916191577166646972e-15
4.978902978718969528e-15
5.054298666943699976e-15
6.184176299986405674e-15
6.968693613448635789e-15
8.855494891910000832e-15
8.646846057632277774e-15
5.463220692137024517e-15
8.056526703545866450e-15
8.495417481209206979e-15
8.483948525806432392e-15
7.336502442690891669e-15
6.244136127667476786e-15
6.369075926524746340e-15
6.073410333129630668e-15
7.047507927135226760e-15
8.119606860455378624e-15
1.017365701105573125e-14
1.054494625408105296e-14
9.753741097584846729e-15
8.948168635365479122e-15
8.336837200566696088e-15
6.404385988207907462e-15
5.827867739911553100e-15
5.563483475171602093e-15
4.898624743171223054e-15
5.060254092725494105e-15
7.846430613095688857e-15
5.943646164461084303e-15
7.492430346653274259e-15
7.597999315688270225e-15
7.067392884209347711e-15
6.025311718476232893e-15
7.205394214074996053e-15
5.441505419072984681e-15
4.806517138218435325e-15
7.000599689043366779e-15
6.241357638184093221e-15
5.528095317314119612e-15
7.194212188216167182e-15
5.878108386576532083e-15
7.243572964521250317e-15
5.178087973853673939e-15
8.606379788588589862e-15
5.323780430504655446e-15
5.181574594582415164e-15
5.235567310606079945e-15
7.848346446697033542e-15
7.041371441993676341e-15
5.825087005580902087e-15
5.962684434400017718e-15
6.097754370972410039e-15
5.771311075864089148e-15
5.424836173980836586e-15
8.778625868411055438e-15
7.816541750392415193e-15
5.868489269131928156e-15
5.603221543495395419e-15
5.829587990539960003e-15
7.875372522686142729e-15
5.809937771803072850e-15
7.442999823708317264e-15
6.091653337926407801e-15
7.742403584776584229e-15
8.165237997956432647e-15
6.381821098554618118e-15
6.176771298942595999e-15
5.833820113962142823e-15
7.286134528657104629e-15
6.004923655456264422e-15
5.610263344372596798e-15
9.286926823006461125e-15
8.918404204163500531e-15
6.520003358190911230e-15
6.130882866541282174e-15
4.499269783042073542e-15
8.056127728719415894e-15
7.393130142517163903e-15
7.467254977488445843e-15
7.244577427323518349e-15
5.985829948841986596e-15
6.631188729886915026e-15
4.701809818658107178e-15
7.893620294332572212e-15
8.569960442831262066e-15
6.616299922989410354e-15
5.826575410984018137e-15
5.155621518107082178e-15
7.022174558238566923e-15
8.092364532132718973e-15
8.049780881513356541e-15
7.004400538542725304e-15
7.441214184693886581e-15
6.029657503420893641e-15
5.241795013976577821e-15
5.192253400160298204e-15
6.654630787467547918e-15
1.070174251684678389e-14
7.748736175457130364e-15
7.123533335037676983e-15
