7.183517352844075595e-15
7.249251664519918684e-15
8.445935179750907126e-15
1.242603289331343822e-14
1.319734901582150234e-14
1.279034523193905258e-14
1.189139366057699522e-14
9.985181644665844018e-15
1.006033343686680708e-14
1.112853381551610782e-14
9.690157417818489710e-15
1.051612335511757377e-14
1.217931760515861834e-14
9.167593912122060707e-15
8.076831520456758018e-15
9.077243558705039177e-15
8.903810404490722191e-15
1.199237424871254713e-14
1.093849073284665570e-14
7.800216468148427701e-15
8.730590271783443015e-15
7.070907379702983646e-15
6.328618365749040957e-15
5.881819836726217602e-15
7.481908203469303425e-15
8.875177593398551249e-15
7.097720260120896525e-15
7.274767608372654218e-15
7.924774299840706504e-15
9.102484853966647694e-15
8.503070901020310500e-15
1.172464165811259510e-14
1.161520838194326413e-14
1.016063776798258899e-14
1.055081193559931144e-14
9.547483217894836021e-15
1.168234362549971870e-14
7.353171767183911725e-15
9.602660790151136658e-15
6.808585230049408463e-15
7.571935234329612397e-15
8.426820279158802789e-15
1.010063684739771014e-14
9.434045262079897644e-15
8.419951944520607971e-15
1.022543270237694489e-14
9.601764486375830247e-15
7.732321636981886697e-15
9.624362159289183932e-15
7.396442871841960450e-15
7.127884827885637503e-15
7.611561187266961374e-15
7.386602483621559550e-15
9.296063931288281560e-15
1.432438769216568790e-14
1.599828587470647258e-14
1.486960238962703409e-14
1.130866925856078732e-14
9.271289948666302090e-15
1.058373899784961533e-14
1.093712652510844720e-14
1.627498751567976644e-14
1.322934345933746954e-14
1.241356593268255407e-14
1.266353567373541008e-14
9.899621863863783307e-15
7.835770327697290427e-15
7.441784374147571899e-15
6.948163279050002306e-15
6.539841244102060100e-15
8.718444928856532338e-15
1.036484778101847070e-14
7.259523231782399155e-15
9.256293958363608687e-15
8.632023758828160050e-15
7.131680923043438572e-15
9.983194795260548472e-15
1.109695339997340353e-14
9.115886697704831785e-15
9.531911509657310572e-15
7.364876949447393897e-15
7.372455586230976323e-15
7.819708587924313363e-15
7.559049932890637655e-15
7.063338145942568530e-15
8.106654393392336279e-15
9.455411661671704376e-15
7.383348309667476854e-15
8.475643036798181662e-15
1.031387337478001340e-14
9.115594048529851543e-15
8.723624254228176485e-15
9.501550333438148378e-15
9.288824163146763959e-15
8.905054572616290896e-15
7.754055016689499981e-15
7.611889126822365012e-15
8.718457354636939939e-15
8.042913836540966879e-15
8.269885314488698246e-15
