4.925834551499827514e-12
4.476946542978346761e-12
4.068931213541090007e-12
3.697776718712954936e-12
3.360388835691881043e-12
3.054786593159706067e-12
2.775162429397466062e-12
2.519683694589266754e-12
2.282950988357683146e-12
2.076741415174743745e-12
1.886150751673345206e-12
1.702166989261469284e-12
1.535874086353776001e-12
1.387403203508882543e-12
1.252099842590881054e-12
1.146153394852410278e-12
1.031777424158467117e-12
9.405443173453253612e-13
8.557147499517721104e-13
7.778023506854229604e-13
7.067972310658067033e-13
6.432979780706284646e-13
5.879315586434927323e-13
5.405949462406327950e-13
4.967820974734277404e-13
4.493355269023832574e-13
4.081458436454073499e-13
3.789357326918625026e-13
3.458521514759004559e-13
3.130090082184617854e-13
2.870044565781453223e-13
2.596276130590085070e-13
2.369633226504551480e-13
2.183050084297718209e-13
2.028958627943608930e-13
1.848095984525442641e-13
1.682978496476086096e-13
1.565433552546629708e-13
1.447482232304103541e-13
1.324553440219683027e-13
1.167833847990317632e-13
1.136442398259218393e-13
1.038305278657722410e-13
9.271210699537380041e-14
8.534412141801817807e-14
7.438686895106469986e-14
7.179106666169185722e-14
5.921875220665701703e-14
5.423600064120951785e-14
5.373254098495896450e-14
4.896761145723299413e-14
4.733265244854787673e-14
5.051065676861131217e-14
4.807403363918292633e-14
4.933446737107351193e-14
4.465623726947970497e-14
4.026178810963120295e-14
3.132195044521213811e-14
3.181779659472173431e-14
2.786236035238596359e-14
2.753147910622583147e-14
2.198113260376129137e-14
2.665614252370000105e-14
2.682474731060862668e-14
2.876734531265511017e-14
3.119148898081000643e-14
3.017606948237751138e-14
2.706622731692882813e-14
2.914035194395420545e-14
2.464341630864853757e-14
2.384262435100387135e-14
1.845176337724067585e-14
1.378988026406566437e-14
1.028037176674771968e-14
1.230739850436574069e-14
1.349736701952288273e-14
1.288579139325069190e-14
1.008049468697449970e-14
1.047190363996479290e-14
9.619784182364175439e-15
8.542920474823801111e-15
6.879413778207365271e-15
7.381505842401339406e-15
6.931995816691705698e-15
7.004548757597373463e-15
8.935644649503632286e-15
1.030102813609908481e-14
9.821250750499206816e-15
1.074110519093870818e-14
1.315590827234820772e-14
1.074654332857410618e-14
1.144483704814392206e-14
8.959979585569115987e-15
1.234128757063572669e-14
1.327654222064378522e-14
1.540205848631372510e-14
1.427942557972325122e-14
9.085385293568710457e-15
1.120047637436179652e-14
1.286414285698945622e-14
