1.548861899611340235e-13
1.393441106014964636e-13
1.248202470330563562e-13
1.044551720399459493e-13
8.652653750143872462e-14
6.757201490430655851e-14
5.333734378112108964e-14
4.557988346226159359e-14
3.636218243685659823e-14
3.054631621603783293e-14
2.934561353697810121e-14
2.643667855591003126e-14
3.010067659649537230e-14
2.859062955555639837e-14
2.130872357535750212e-14
1.834601795272728250e-14
1.568365336610012978e-14
1.549443841371310801e-14
1.090288595294610586e-14
1.080960039506037655e-14
5.962836089716424611e-15
6.748367750028701179e-15
7.663537908874384889e-15
7.560084128610603367e-15
5.862223810160604325e-15
6.643541590829522330e-15
5.953847194607053409e-15
4.852063426207551567e-15
4.608503097025065185e-15
7.641552803281936661e-15
8.774986520754738000e-15
7.570101101123489672e-15
7.234034011412197294e-15
7.252784046336961808e-15
8.639657175763937014e-15
1.020222437613017060e-14
9.031065257094836212e-15
5.954154236695508165e-15
5.643828654174225425e-15
7.191905786872830452e-15
7.179580171613093320e-15
6.074451003925486789e-15
5.073803134820838603e-15
6.023276729614780411e-15
7.479259411684417694e-15
5.993634041958682061e-15
6.043571447306097836e-15
6.439115955538498873e-15
1.213843818220208117e-14
8.903501320966265643e-15
8.503265722599511848e-15
1.206174452023125084e-14
1.202543846395473593e-14
1.186588268293689499e-14
1.364885865678489416e-14
1.371481156823303737e-14
1.316513315841936535e-14
1.228483007917792693e-14
7.510464003338998377e-15
6.233544824212846817e-15
8.772175360691709267e-15
5.329777461476589906e-15
5.962700584234521259e-15
6.069238180301690704e-15
7.163487401123186119e-15
7.699587100595275894e-15
7.169910964192964143e-15
6.545987713657951286e-15
5.592848565854329670e-15
5.431751344748366499e-15
6.809421406818874876e-15
5.584616708198131465e-15
5.433544945502931399e-15
7.303395975488162359e-15
6.473361399157456796e-15
7.692270130259959481e-15
7.386217281525885800e-15
6.541538263278216125e-15
7.621980346934164656e-15
7.586974505083270855e-15
8.737102135252542308e-15
1.043213661219021685e-14
9.169625556419368119e-15
6.755751123130698605e-15
6.162632676857299663e-15
6.881453651716967555e-15
7.046004309898946645e-15
9.362688139584945007e-15
7.690093345288279435e-15
7.156760380063369876e-15
5.483818432239013969e-15
4.182549248207730339e-15
5.312982253420948359e-15
7.421985756911999752e-15
9.056727949105419428e-15
9.781836193766461657e-15
7.942441617278874244e-15
6.628020642222897079e-15
7.843058553185725973e-15
7.900951707801113746e-15
