1.937129201601001562e-11
7.133979432090990789e-12
3.208222937748970777e-12
2.654799449837487729e-12
1.539805856642143094e-12
1.188823116873173396e-12
1.244237156855817641e-12
1.128474551961572730e-12
9.573028312587936295e-13
8.655445099537175926e-13
1.304013410527267504e-12
2.958831328200923795e-12
2.767590098113133553e-12
3.442923035343106531e-12
4.043112961449810019e-12
1.529324544556407987e-12
1.264689258287968366e-12
1.425097622318339724e-12
1.968937092313685309e-12
3.000018381584567546e-12
2.550433668708834401e-12
2.191533061138439915e-12
2.807949192353815359e-12
1.035319919486131603e-12
4.898519009108759668e-13
4.270153295452828050e-13
2.742502901550333605e-13
2.074961384627210941e-13
2.268084679010402323e-13
2.187468822652111441e-13
1.883321015673612438e-13
1.690718826066271017e-13
2.509523737612074825e-13
5.669777673182049845e-13
5.346458492467067265e-13
6.668906081746485945e-13
7.800137756625253069e-13
2.976281067157658264e-13
2.316834782985946020e-13
2.573212726732609821e-13
3.540294506881059168e-13
5.467532090253869468e-13
4.678344847418622762e-13
4.157402236852501672e-13
5.375426122229795587e-13
1.952578416888282399e-13
8.460228939266927190e-14
5.818130332789514395e-14
3.096930128547439721e-14
2.076494716861308987e-14
2.276502297179732052e-14
1.827580713923922528e-14
1.103636734146536158e-14
9.992951825765559205e-15
1.076837377042499290e-14
2.381772366554105617e-14
2.574447869196576173e-14
3.193432907786525340e-14
3.205896724482283769e-14
1.402979679815455605e-14
1.396588820495482722e-14
1.870345852825502300e-14
2.766737043464359706e-14
4.055234600398087797e-14
3.417706966443820706e-14
3.210055184467439077e-14
3.748912446143775545e-14
1.593530159963979006e-14
1.727775229171012970e-14
2.348825349176393713e-14
2.225488479230939895e-14
2.040296144581214754e-14
2.106372508500395821e-14
1.925975036118877450e-14
1.882185708003514756e-14
2.275199894795801059e-14
3.366731122928181134e-14
7.054394041784156510e-14
6.921464676348048476e-14
8.358664179193700123e-14
8.816994849877326246e-14
3.574285778004180408e-14
3.568239238856894868e-14
3.982937995083428545e-14
5.247897555898682083e-14
7.226634580770006431e-14
6.425150190834017999e-14
6.110646595174677616e-14
7.959970754817571213e-14
2.852206860797803539e-14
1.511369124936238684e-14
1.118559113418112154e-14
8.241525729544195787e-15
9.734246486109054617e-15
1.063169194319840760e-14
7.003737058722520451e-15
6.415655674496858003e-15
5.998071763550500959e-15
1.034479317050089358e-14
1.064092304256350646e-14
