6.050674950824981329e-15
6.212349947295791198e-15
6.733940029301163031e-15
1.071675617956702671e-14
1.009250907260231857e-14
1.053998412509379298e-14
1.286696931583182724e-14
1.203553297907797583e-14
1.591710647777472145e-14
1.204237702783822253e-14
1.231935406121247384e-14
7.106631736380145832e-15
5.223808608797285536e-15
6.615619695669122135e-15
7.920000619577972825e-15
7.699514991262086179e-15
6.765603032639218937e-15
5.516678128566279109e-15
5.657953197639399790e-15
6.106504579124121516e-15
6.450768617744237994e-15
6.109814536947859832e-15
6.317214369238505425e-15
6.882348311100703746e-15
8.036124617336507464e-15
6.844186760589400070e-15
6.438016674704969419e-15
6.097572512074912184e-15
5.876287885825531367e-15
8.760949866051768252e-15
7.955213385464307286e-15
7.038836899950709973e-15
6.961016478122441922e-15
6.869364783763041635e-15
7.248008499183558433e-15
5.609560366752052494e-15
5.635568472421640143e-15
5.211100082286984085e-15
8.090022002623731745e-15
5.228889356217160085e-15
6.201104341052395406e-15
6.364564973134118459e-15
6.558794928507643320e-15
6.015241639181728783e-15
6.969606866340883518e-15
7.386603298411683748e-15
7.206097277812189519e-15
6.966441275038308093e-15
5.494533902541685237e-15
7.273719530429146127e-15
4.999893177859992629e-15
6.362564648849812147e-15
6.538954257326547539e-15
9.500529195506368954e-15
8.432053823524805181e-15
6.143741098239083898e-15
7.280306034849271645e-15
8.685088286483751515e-15
7.442228363765025374e-15
8.743089784882422531e-15
6.632837878508392913e-15
7.500164366143262170e-15
5.987914664897307523e-15
8.321118994675400297e-15
9.419437937197814064e-15
8.475122697042994197e-15
7.994496429884016041e-15
7.577499504396925954e-15
9.205724427672064387e-15
8.482885774866287332e-15
8.279162750094356947e-15
6.776907462919721306e-15
9.107189373677863301e-15
8.438717249412157114e-15
8.116602823380755388e-15
7.478572169618461073e-15
7.272689093842874780e-15
5.860337782628698803e-15
6.435066570960112832e-15
5.637292154477389263e-15
5.634694817868320320e-15
6.104831058481028654e-15
6.624326372748657995e-15
5.528430904128112686e-15
7.334291049572761724e-15
5.926421703618721374e-15
5.285845613790708275e-15
7.567337833759730809e-15
6.454628893333623564e-15
5.516114340940937925e-15
6.000551933581455035e-15
6.482043282956350229e-15
6.575193309557164700e-15
6.110107092626008235e-15
6.532152557798325289e-15
8.204330435719948837e-15
7.557063346772290373e-15
7.358998776624446921e-15
7.657034248945382628e-15
6.875592198594221237e-15
