7.479223653304243032e-11
7.518539311040699916e-11
7.650758573483145265e-11
7.795775776979618450e-11
7.903555308745627229e-11
7.948888838117574060e-11
7.923222924790386607e-11
7.823372703208014219e-11
7.654928908078007390e-11
7.425803486314545611e-11
7.144145611372304084e-11
6.818626320296743344e-11
6.460370208257481018e-11
6.076145103298830809e-11
5.674746521818337017e-11
5.264199903484738314e-11
4.850251744574485181e-11
4.438691786418121434e-11
4.034697913804036837e-11
3.642464920308176218e-11
3.265653217687804819e-11
2.906208563476991313e-11
2.567687223513960771e-11
2.249754164067337140e-11
1.956140920036612182e-11
1.684149974246371732e-11
1.437550619431105911e-11
1.215640941766888157e-11
1.018455030673674837e-11
8.473562104084254857e-12
7.018511629706961293e-12
5.829023954286474566e-12
4.896585599175450093e-12
4.218160285251027621e-12
3.806344588534342845e-12
3.618316434877283552e-12
3.565734813319176535e-12
3.603566725696628944e-12
3.666094283113388342e-12
3.732359155848468617e-12
3.773861699933269798e-12
3.791364278939503967e-12
3.764675649005253500e-12
3.706996293969407979e-12
3.610298121317498747e-12
3.490469746642556719e-12
3.352068234030619189e-12
3.194617788584798409e-12
3.023458655009288812e-12
2.846756993498495048e-12
2.654355814737858000e-12
2.456920140682042723e-12
2.262192333541087550e-12
2.069476855348323237e-12
1.875610843615356771e-12
1.681118480632605135e-12
1.511865029784923850e-12
1.349429821061882099e-12
1.196264118279677694e-12
1.053962816911101461e-12
9.221508122417931566e-13
8.097826335249998400e-13
6.943758834016468826e-13
5.943575287212954303e-13
4.985007719746423338e-13
4.140578547732000092e-13
3.384780434545340733e-13
2.747312754136475188e-13
2.340637553223035758e-13
2.015701414710620539e-13
1.738828657679811784e-13
1.491912713150434524e-13
1.385967789610655271e-13
1.442658339076434272e-13
1.452975533576417684e-13
1.441994125795977270e-13
1.492946954088170108e-13
1.507074063902953281e-13
1.537100990494704614e-13
1.523533998869682945e-13
1.408776448544712332e-13
1.369073999888782808e-13
1.285242289801021324e-13
1.184244243055423888e-13
1.122312907898885195e-13
1.045008674208980342e-13
9.599100473927516497e-14
8.596038892647822033e-14
8.335057555526245168e-14
7.318753048534839310e-14
6.655567322077463816e-14
6.385292266255173285e-14
5.814255528439612572e-14
5.610468650993547037e-14
5.009177606620723402e-14
4.447489857562609801e-14
3.859933159619035218e-14
3.537037805727579491e-14
3.018055217289009341e-14
2.549559477373315302e-14
