7.797963962817447152e-09
6.618199868796851527e-09
5.617384266039497784e-09
4.768312722764500645e-09
4.047928608897970753e-09
3.436672816028300181e-09
2.917963141100419928e-09
2.477730368785528129e-09
2.104059991953253042e-09
1.786860829874060042e-09
1.517565259790985047e-09
1.288916988519081968e-09
1.094768794697786920e-09
9.299015140116424090e-10
7.898925334526881166e-10
6.709727829215724420e-10
5.699698111072421809e-10
4.841673386785467465e-10
4.112922008508263579e-10
3.494016227755805391e-10
2.968193689364616786e-10
2.521467210669757450e-10
2.142104516586640804e-10
1.819770424707790274e-10
1.545918217907221267e-10
1.313359657458619076e-10
1.115666132548666626e-10
9.477396326887074723e-11
8.051373140736749464e-11
6.839828785979970861e-11
5.811463381065498426e-11
4.936621773987193188e-11
4.194146131204024030e-11
3.563861289810842838e-11
3.028004889474137715e-11
2.572695713587603406e-11
2.185760238686849309e-11
1.857424972266967084e-11
1.577684400594807155e-11
1.340171100946080962e-11
1.138583833786606067e-11
9.677965245472046339e-12
8.232358979442220894e-12
6.999278213808845114e-12
5.942428056896057990e-12
5.056866153006885778e-12
4.296764974260915743e-12
3.653816413887384466e-12
3.104648626311167016e-12
2.638813038235882449e-12
2.246733629064827864e-12
1.911465921717456325e-12
1.617440008360547926e-12
1.377628039210238059e-12
1.172169226078528812e-12
9.986434106026654001e-13
8.490980898697952031e-13
7.234117748855398511e-13
6.161181597499912556e-13
5.263498889027078912e-13
4.522481946112096071e-13
3.899394761178964825e-13
3.377602405383572275e-13
2.885359533494539616e-13
2.489995083809089596e-13
2.093320498777190115e-13
1.828821599968869546e-13
1.548240681317688420e-13
1.318123101480636094e-13
1.157517935919608553e-13
9.998118955066493634e-14
8.978378952900088672e-14
7.783749874671582394e-14
6.748909981203096432e-14
5.714185262485708063e-14
4.383259944197326934e-14
3.369917808395894638e-14
3.074856552838494242e-14
2.438759010528049520e-14
2.704858377828680388e-14
2.417856997410154773e-14
2.174345135809777955e-14
1.561298408515295460e-14
1.666110364890526324e-14
1.475997550855139391e-14
1.501558093017946345e-14
1.561660739232447099e-14
1.352093966613455161e-14
1.376360226626521164e-14
1.087942943934863308e-14
9.204654942681031438e-15
1.001405499444721142e-14
9.717207581077817128e-15
8.096885145462193407e-15
6.948600698610177774e-15
8.030352097268849592e-15
1.007547883969307749e-14
9.834983499336173234e-15
1.154909804140353996e-14
9.640838829163855659e-15
