1.284282887076096272e-14
1.546115517034626246e-14
1.431900330468887124e-14
8.956732106334097418e-15
8.258643031963529102e-15
1.210777465486876418e-14
1.043566620195904151e-14
7.681227101486340271e-15
8.093095399397557719e-15
9.969141889029584898e-15
1.078686655153158915e-14
9.947138115147552978e-15
1.191028902656556141e-14
1.418508111787344354e-14
1.192369471773684191e-14
1.071158357735787897e-14
8.898656018600796673e-15
8.445536161669371936e-15
8.546481006141897267e-15
8.891527397461462980e-15
1.192499993981180808e-14
1.351749695189018785e-14
1.277387425307406972e-14
1.089558051596786384e-14
1.344628123887386105e-14
1.407551164942596517e-14
1.036680099901028502e-14
8.480286511124755737e-15
9.839929117294972973e-15
1.076620331162472203e-14
1.751170452094705762e-14
1.224373202723400783e-14
7.344880858784913002e-15
8.764551823737578464e-15
1.063874892782869246e-14
7.711096591259548207e-15
9.595704601940749353e-15
9.765575695189850030e-15
1.175507613736322139e-14
1.568664284221494700e-14
1.476089365410301393e-14
1.302970067425037878e-14
9.905794792872828193e-15
8.664303375827248633e-15
9.688640773499058270e-15
6.982863461410115099e-15
8.840459451360172299e-15
9.358186347175632411e-15
1.152657951766021935e-14
1.469265933083253947e-14
7.154681073468953843e-15
1.179200762530085905e-14
1.332614509323095803e-14
1.000422232770899673e-14
1.228304472726968934e-14
1.109037443326602968e-14
1.502836164409639850e-14
1.700385153904623651e-14
1.257816403487589021e-14
1.268473602968603359e-14
1.033284132308848811e-14
1.120567452793554912e-14
1.477150725437954886e-14
1.138961533882787647e-14
1.419791211370135195e-14
1.690869705746821261e-14
1.571880317428399510e-14
2.480198437458747856e-14
1.735560807059581556e-14
1.071840031316806059e-14
9.427088189653233552e-15
1.580399315579350974e-14
1.342413203565787480e-14
1.313725974075178056e-14
8.964394546314170165e-15
1.126751973627970887e-14
1.407525851458266669e-14
6.118410768362233073e-15
8.947812655157367553e-15
7.995359178484186384e-15
1.276203415423606204e-14
1.224156832610107406e-14
1.391989073203534134e-14
1.135496137058410256e-14
1.070118166076320061e-14
1.175129099465420668e-14
1.167037342546879531e-14
9.512080949141376542e-15
7.810340039906908707e-15
7.592668058531066773e-15
1.422245137028494952e-14
1.296118516521879173e-14
9.022398693388933312e-15
6.766984406128013665e-15
9.959925525435448978e-15
7.499139563363021219e-15
7.114171192653621563e-15
7.987991600767629075e-15
8.750796712895295363e-15
1.264051434433818197e-14
