6.472230335475455732e-14
5.291737194651377586e-14
4.185452409409532170e-14
3.748506471848464089e-14
2.947962423511913693e-14
2.236214708792916325e-14
1.997861114841195637e-14
2.083305648200370353e-14
1.567288666508277475e-14
1.253058119615604249e-14
1.262053059807198281e-14
1.475073317573486653e-14
1.496772684290001414e-14
1.271430093352094553e-14
1.368339563596238964e-14
1.333735384176501768e-14
1.289327117255327173e-14
8.819573722318069323e-15
7.729415667046817229e-15
8.514001789903806670e-15
5.903136801511389354e-15
6.414119585234959322e-15
6.679269530727330790e-15
1.058872808289651654e-14
9.079847131351198764e-15
6.789900256935815853e-15
7.841122430504114715e-15
7.279685993533541200e-15
1.133075243521902893e-14
1.138520003993087102e-14
9.603189914837061343e-15
7.322596153382154564e-15
7.332442821862020152e-15
7.047837134220229414e-15
6.937979915490831619e-15
7.880751189268953821e-15
7.635918163218027876e-15
7.167167020941735649e-15
8.486640501457776392e-15
7.784726755592749668e-15
7.591105779734427192e-15
8.289115427248041493e-15
7.434542413368340483e-15
8.443880162095946852e-15
8.665391757586491755e-15
9.568958017660161592e-15
7.183412833403663429e-15
6.581275441581901547e-15
9.715640801169938400e-15
1.000756876456595735e-14
7.835427994709877436e-15
7.196590609122381540e-15
6.474799776712567581e-15
9.808263371035140062e-15
7.068613109361505971e-15
7.847309975901483532e-15
6.661296812414865118e-15
5.832576054744505827e-15
6.049780971510273501e-15
7.029636574872327005e-15
9.327573297469747207e-15
1.109399565848705630e-14
8.358792744961131825e-15
6.873784368746590983e-15
5.820436484551498074e-15
6.334520862443465964e-15
7.408443845526706882e-15
8.695344293825687280e-15
7.680684825279733942e-15
7.715609502687307576e-15
8.935896719004390989e-15
8.932861140832150790e-15
6.753421305487956774e-15
7.933231854621643568e-15
8.088020543108559971e-15
8.530799143123206676e-15
1.016844030511403927e-14
7.949649838522607235e-15
7.472811821295329037e-15
9.039666170902917886e-15
9.794969254355779131e-15
9.380573777191618306e-15
9.340658062389575803e-15
8.070540246569128299e-15
1.194993402676797353e-14
9.049969827292163000e-15
9.327317970164903328e-15
8.809606837873015407e-15
6.733384813426211934e-15
8.472874980635939283e-15
7.747881017654088400e-15
9.615154185258629716e-15
9.466251381208056157e-15
8.884322307388274369e-15
8.763492239763603166e-15
8.239641876535022715e-15
8.935159391484768689e-15
7.996845351273917885e-15
5.493436235172229111e-15
7.470663939052659179e-15
