1.440346020888966549e-07
1.450546961941545164e-07
1.412403952511103979e-07
1.317962909180788854e-07
1.203459537531910399e-07
1.122641399925744164e-07
1.101134451423366747e-07
1.111982736612254427e-07
1.107261853098491828e-07
1.059870413975126262e-07
9.773572606353588297e-08
8.944562586792712779e-08
8.485197117278106126e-08
8.453769480001073450e-08
8.540533157216163611e-08
8.398129497661723277e-08
7.911431677738538296e-08
7.237683620371192759e-08
6.688045079722587985e-08
6.479085698704406034e-08
6.523679371264497025e-08
6.541773983705604070e-08
6.328072499210299704e-08
5.877896409738748892e-08
5.367749169143926736e-08
5.033036556320709778e-08
4.965057671284560017e-08
5.020155231923057582e-08
4.980659882577439375e-08
4.740170649835472184e-08
4.355316193275065128e-08
3.997208791830919494e-08
3.822457956121771456e-08
3.826224307006375643e-08
3.856073078614694543e-08
3.768726162840540466e-08
3.531199215651274580e-08
3.226317277344765911e-08
2.994589940449584572e-08
2.920121708332435246e-08
2.947273023480794411e-08
2.946432160637909606e-08
2.833861604055761490e-08
2.620453539640914894e-08
2.395440621078193639e-08
2.262039640332057498e-08
2.245065664236133866e-08
2.268539111339539087e-08
2.238618913489666734e-08
2.118035684614279774e-08
1.940982453135319427e-08
1.787217952584447288e-08
1.720979000713316470e-08
1.729157194926792063e-08
1.738911780873200862e-08
1.690083594195075186e-08
1.575401386185344054e-08
1.438501899654450812e-08
1.343019008020916406e-08
1.318787278741371197e-08
1.332558881649425699e-08
1.326269206215941735e-08
1.267879340140383227e-08
1.167987711042262616e-08
1.069636870947136892e-08
1.016941210380457317e-08
1.014463095035162604e-08
1.024094421026744811e-08
1.005361917011197884e-08
9.458573613555619417e-09
8.650252463426519363e-09
8.000080987637664826e-09
7.760809395544684058e-09
7.819797620783754840e-09
7.837884652138769008e-09
7.572251356850722863e-09
7.025395634556167817e-09
6.416716541849830248e-09
6.027532773467357393e-09
5.955682005096105971e-09
6.020636388120743102e-09
5.964924321145985457e-09
5.668713898946472955e-09
5.205099476703020108e-09
4.780209124679747625e-09
4.578163530604692237e-09
4.587101037458904561e-09
4.621382712202130045e-09
4.511149152096922929e-09
4.221429756062136111e-09
3.856032129018369617e-09
3.584152256818914425e-09
3.501275465406472926e-09
3.534929961095569434e-09
3.530001405831396301e-09
3.390085399749879201e-09
3.131876801329199378e-09
2.863926347115844262e-09
2.708526657012315407e-09
2.691572391136645567e-09
