6.637537880301314654e-15
6.260817279056221343e-15
6.475518497141868027e-15
8.142485993246769492e-15
1.098286120909890956e-14
1.082953757344974958e-14
8.108357137251626358e-15
6.402622125494804629e-15
8.191802698513967313e-15
6.906834414568516210e-15
7.089816544113411388e-15
6.777018695784423625e-15
7.442160230466843328e-15
9.664233423477219819e-15
8.784999191634692472e-15
6.542191694938840012e-15
6.209758348352967741e-15
5.760110315630291557e-15
6.446106217555515720e-15
9.593980989029590221e-15
8.004845719587415375e-15
6.882432753331106767e-15
7.543003961416630671e-15
6.166893648153307034e-15
6.194373083320071744e-15
6.649247582017802227e-15
7.662269862378230038e-15
6.786409845765912739e-15
8.198466349698405011e-15
7.255673383226545238e-15
6.930769340581247436e-15
6.941614934685562708e-15
5.593340327387784366e-15
6.293943559975511413e-15
6.061139526424976057e-15
5.914248655636255423e-15
6.592872199585936948e-15
6.995420345389307907e-15
7.369297253778189115e-15
6.123081444471805391e-15
6.681987749905104715e-15
6.871370908126651879e-15
6.181317794475783421e-15
5.269987708525308835e-15
6.943707013836727489e-15
9.438346834239226291e-15
5.657259071637381900e-15
7.429502695923678848e-15
8.047689954597794170e-15
8.169205076550370595e-15
8.631152914568355930e-15
7.942564753685249863e-15
7.498468440280851077e-15
7.853061370502899224e-15
7.519523641945982292e-15
6.965604722716347236e-15
8.207041298799222654e-15
5.964292642281743928e-15
7.996454123974024121e-15
7.880186460485480589e-15
1.079045894144054838e-14
9.753897980898092662e-15
7.808009298539224224e-15
6.411899357749433517e-15
7.650491872077953356e-15
7.214475568722788881e-15
6.206321867353559313e-15
6.443830405529466434e-15
7.695750102305827458e-15
7.643172146065855525e-15
6.930277875199459400e-15
6.816526368289490232e-15
6.380675691044730469e-15
6.404293010873024506e-15
7.706963551556220871e-15
7.654734323251388487e-15
7.502010784345981904e-15
6.343679063308118123e-15
7.128979251016049164e-15
8.815814740162391654e-15
6.495264131644335399e-15
7.043344329372444378e-15
8.183094472564059250e-15
9.954221200446706729e-15
7.052163860174238755e-15
7.728845866865166264e-15
6.562722632272337300e-15
5.916182349904026585e-15
7.494174921281350668e-15
6.482586660642820763e-15
5.921949599711911932e-15
6.773116239145466215e-15
6.634162073298117920e-15
7.504531349233250315e-15
5.660250652594165444e-15
5.385582507393298854e-15
6.792270505645641763e-15
1.171264033872608202e-14
1.266429372789571813e-14
9.894382407437938360e-15
