1.911156166864136200e-14
1.491518513136312500e-14
1.078177716170058804e-14
9.268284509634846521e-15
8.090469101188738505e-15
8.513827935394989870e-15
6.687355399944666046e-15
6.530313935033414065e-15
8.558440362653321253e-15
7.868870514629444732e-15
8.026602264756303803e-15
6.787489722065487354e-15
8.176715114058030820e-15
7.588871029916529450e-15
7.160809285895752964e-15
8.266955405872417617e-15
1.059173717577382298e-14
1.207285286658122042e-14
1.445846814329925333e-14
1.479247850357703730e-14
1.654846295044507233e-14
9.535450371592232015e-15
1.337553921377073674e-14
1.095875896400655591e-14
1.134318052363362483e-14
1.675319307507362421e-14
9.773878050452179538e-15
1.023415886644839678e-14
6.871710688383791703e-15
9.552522239476271748e-15
8.745765610963869026e-15
7.714860622091131403e-15
1.530000006218187736e-14
9.522330751624515582e-15
8.508735891813552015e-15
1.144067861112027302e-14
1.738918611389326401e-14
1.258661896195935811e-14
9.920478155142660926e-15
8.904741308031730684e-15
6.997914279350102633e-15
7.753913750909011446e-15
1.022566622290541125e-14
6.489869699275832728e-15
6.599580541995319280e-15
7.813906456372647799e-15
7.102288619039329070e-15
1.045745901307859625e-14
1.167405669341760184e-14
1.007165765183971009e-14
7.821356645023717461e-15
1.027623685962785220e-14
7.567582990272383465e-15
1.161973725177644875e-14
1.262606550272420384e-14
1.238000403580977368e-14
1.227719396202085131e-14
7.902533508807816213e-15
6.975514646318395990e-15
8.688124539085204185e-15
1.066146117297403014e-14
9.278517616881468346e-15
8.041131185784424700e-15
9.895794045363926659e-15
1.012377858227274304e-14
7.882396791338437656e-15
8.639831328230162528e-15
8.646971691529316380e-15
1.102404362646460556e-14
9.704820837466922312e-15
7.546054501170635266e-15
7.881541200487407626e-15
8.003282826923770281e-15
7.410266620020670747e-15
7.455586819511923776e-15
1.405904005680291691e-14
1.031305318032156972e-14
1.144682467763543681e-14
1.213786822087045563e-14
9.956730816974159350e-15
1.283858203201404086e-14
1.332871845074471196e-14
1.408625243189167034e-14
1.183759348272759791e-14
1.387282756547847243e-14
1.105545055663787730e-14
1.286761152121453555e-14
1.703181333399189291e-14
1.104399749402816917e-14
9.716554592446944419e-15
1.337679646899878385e-14
9.674556871596348138e-15
8.449893608036633942e-15
1.035946955130606057e-14
8.566036420261335919e-15
9.555278454283313176e-15
1.095116971170753604e-14
1.135724585821162912e-14
8.941033885318035733e-15
8.418217857215380308e-15
