5.184974425896834183e-15
5.644312508590369408e-15
5.443021590808880176e-15
5.633446047035146735e-15
6.190399552831723359e-15
5.453661615892917239e-15
4.580595068998382937e-15
5.604371539235298463e-15
6.744537055849361286e-15
6.225309402566553718e-15
6.637983245451954235e-15
6.060487296076627591e-15
4.903348645899469202e-15
4.539676877071849501e-15
4.553141235166452255e-15
4.909707534409997824e-15
6.270272647238707911e-15
6.656254914074182527e-15
7.372917627922245627e-15
8.085910662043204531e-15
9.030026031879855982e-15
8.010366986160412607e-15
7.216716535663544122e-15
6.304835708478810423e-15
5.356372170255020891e-15
5.623313183871194158e-15
5.318185757714083555e-15
5.121322086131403027e-15
6.117511622841727037e-15
4.720646359585435219e-15
5.934008025669696287e-15
5.875444647486938266e-15
5.114397881270468402e-15
5.876862181445287259e-15
5.637239573552051477e-15
5.543133994501898115e-15
4.972791127369060416e-15
7.101571464421737027e-15
5.580087461624899620e-15
7.287530171152730374e-15
5.183767090887252323e-15
7.790694697037494726e-15
9.393064217169005857e-15
6.561160833895411866e-15
4.870372015262381377e-15
5.630167373903931627e-15
5.124673808957811217e-15
6.393786923513530335e-15
4.773399222179632110e-15
6.003892736336522977e-15
6.183796491299545654e-15
5.946636124009954160e-15
5.732009378656733906e-15
5.081516450123392473e-15
5.655871096130605645e-15
4.981806894275298883e-15
4.697528677086947177e-15
5.383141835278993092e-15
5.475064311257865810e-15
6.705187137508360074e-15
5.297508082876456573e-15
6.147350916718990059e-15
4.966270638397772245e-15
4.141758288234586080e-15
5.189889092503023876e-15
4.466249664400021987e-15
5.735835301728452416e-15
4.819020602354643158e-15
5.232533351580075807e-15
4.987791861028128925e-15
5.455206403764859582e-15
6.072931678649625092e-15
5.395595735028216304e-15
6.731463856848847019e-15
7.841794400395179837e-15
6.888148095293248852e-15
6.953252965603279987e-15
8.878940421542968340e-15
5.981298370938492714e-15
5.602897955568842040e-15
6.618890105142989458e-15
8.353537798307420884e-15
5.020715310128721707e-15
4.820778749271648316e-15
5.400912708539138407e-15
5.430002595496540417e-15
5.428676805701815896e-15
4.579075926678231558e-15
5.301570376733727548e-15
5.575508119230797602e-15
6.250114075078786856e-15
5.580773391825935655e-15
6.565665049142838094e-15
6.377240829481577291e-15
6.161386143498664007e-15
5.799081726574321069e-15
6.745943263004617681e-15
8.284563493582579484e-15
8.503104875676981862e-15
7.659034195212536648e-15
