8.928307546511048859e-13
7.286246015545108812e-13
5.782210807469228799e-13
4.427306356949399748e-13
3.314420612491446150e-13
2.329803413063418423e-13
1.622545880848898367e-13
1.159134953838251489e-13
9.066679008373925494e-14
8.892603512050887226e-14
9.877380290755079837e-14
1.027088762514182241e-13
1.006031491260755381e-13
1.000772921361466097e-13
1.010373467507303754e-13
9.200413042981465112e-14
8.439748188170447379e-14
6.698068163729027472e-14
6.142471029961467547e-14
4.404997202431612406e-14
3.402767673161953278e-14
2.880155439490027179e-14
2.147604618082552940e-14
1.755796233564661174e-14
1.250521534317408140e-14
1.002488895884191716e-14
1.107861343007201092e-14
1.006994172744492467e-14
8.545925409142202559e-15
8.467065514485747654e-15
7.359705822035774483e-15
7.921502070247073069e-15
8.648454277254379445e-15
8.336225892235357404e-15
7.972841229596525429e-15
7.028017754421740276e-15
7.204764645492900707e-15
8.234279050625228608e-15
8.337725115113847607e-15
7.333263071434464480e-15
6.636087105361121441e-15
8.114844562310818046e-15
8.802857526429288240e-15
1.287327865841170376e-14
1.388077305425913219e-14
1.521514927118692768e-14
1.752217709502954521e-14
1.613562021097361139e-14
1.878112663673372987e-14
1.733275602794891231e-14
1.636124016263510146e-14
1.277188827956311746e-14
9.916985201077106265e-15
8.155806896093403871e-15
1.015672565945818081e-14
9.320363201059570425e-15
1.242581251276664741e-14
1.249425596817352308e-14
1.104974753351285972e-14
1.157415020412376614e-14
1.317032509382999116e-14
1.125713340193853510e-14
1.160697686491921719e-14
9.051207535839057167e-15
8.286617938130740559e-15
7.886849886979627486e-15
9.211145335084378782e-15
7.075140089147788051e-15
8.925086536121513958e-15
7.289821849984828881e-15
9.516669273491881965e-15
1.132317549022022033e-14
1.432870613239644739e-14
1.483557071229061586e-14
1.212950103921550089e-14
1.270492596349355599e-14
1.233682673742372497e-14
1.148990882706632331e-14
1.036118863903134359e-14
1.255564894223925880e-14
1.357033642148795121e-14
1.295297160031737061e-14
1.361113663465821610e-14
1.390931204424613536e-14
1.446502278005062949e-14
1.445849207842481438e-14
1.554725379179486175e-14
1.729486579080592013e-14
1.606845751707367752e-14
1.524235253109098596e-14
1.387459915526790627e-14
1.628422637340512974e-14
1.672826021721420018e-14
1.577347103018995782e-14
1.605433533994471399e-14
1.458972204430448932e-14
1.609669748796617646e-14
1.787683926441525107e-14
1.865873852660377179e-14
1.902228917748669730e-14
