1.303003451442978611e-14
7.823794665101361547e-15
7.883505040534515081e-15
7.855066956417576554e-15
1.052087252979669915e-14
6.461618440384481095e-15
1.030079168860894672e-14
8.573514526922958038e-15
8.902888910149016608e-15
9.493891736812527656e-15
7.419170619778865825e-15
8.124972180022168934e-15
8.490390333397052229e-15
6.495647907676777154e-15
7.531437573044681642e-15
8.370915682632178712e-15
7.763172664646949048e-15
1.080176210763092156e-14
7.543938837870046647e-15
7.537545825664980893e-15
1.260369632827291837e-14
8.048370663752912025e-15
7.700857794651674392e-15
7.971691465849395431e-15
6.886072676961549779e-15
1.023052504452762251e-14
7.329011911946744630e-15
7.398257264879210543e-15
1.033265282073708231e-14
1.026022994633254768e-14
8.130197473037169624e-15
7.358264364975183010e-15
1.009779499371943996e-14
7.327591880875965420e-15
6.715776883660350306e-15
7.004092759175730364e-15
6.398353466784896893e-15
5.932205440581733092e-15
7.791444061600670867e-15
8.373414443431233049e-15
7.289720299563727970e-15
7.197759770430679870e-15
7.475142358443289289e-15
1.068518654160641921e-14
8.429832507647045938e-15
1.085713967347685199e-14
7.840910437191049098e-15
6.735031501982346548e-15
7.641137772996118725e-15
7.036421728119805789e-15
9.031768141909460669e-15
8.543221381266880399e-15
6.319487922080563882e-15
6.726807896177709110e-15
7.958290490389435484e-15
7.478294719988958528e-15
1.048133360884672125e-14
9.493191765105568147e-15
9.215713404814550039e-15
1.129476909915449857e-14
9.695673521370202669e-15
8.533269688317095394e-15
1.744535813402816545e-14
8.362643311237453698e-15
9.543882997316158960e-15
9.708903257669708688e-15
9.921613980023309246e-15
7.093553893616228668e-15
7.273173402740086257e-15
8.217633298879440810e-15
8.174051072620049417e-15
8.801909650802351554e-15
8.243853589766964358e-15
6.367221701355339399e-15
6.198153203333384770e-15
5.799634934884422245e-15
7.721391280668666500e-15
9.114956394016328283e-15
8.555377610249053871e-15
8.677008014820752386e-15
9.906216670027894199e-15
6.554793654697484754e-15
6.904019258338993266e-15
6.823725913959326110e-15
6.967946135924363404e-15
6.908515988272892807e-15
9.021738357742824446e-15
7.766749164706865982e-15
8.818563874049070339e-15
7.245798754527690585e-15
9.101910793333164791e-15
8.419344973193353070e-15
7.904375640333236208e-15
9.608541296189991446e-15
7.496229106203824711e-15
8.991626515610125110e-15
8.577563576942944529e-15
7.997227293333211534e-15
7.940496424463656826e-15
1.174835646854358262e-14
