6.939442922167699124e-15
6.651776754102626522e-15
5.891447836143113399e-15
5.106352956502387267e-15
7.021158636468545959e-15
7.022637149295823886e-15
7.761376163291820130e-15
7.021876932597194551e-15
9.331888788885437838e-15
6.905268080820483025e-15
8.182924344265277888e-15
7.521763392282667198e-15
6.311650659365126911e-15
7.284505218191499877e-15
6.029812964013902882e-15
7.875490211958324780e-15
8.088819698231491802e-15
8.799360166124770734e-15
8.276374975615353231e-15
8.010332424319831210e-15
8.921330522259346601e-15
5.927699117980835396e-15
6.650731627395141454e-15
5.649390078470758491e-15
7.284032610738916226e-15
7.027857024041146194e-15
7.404672796021353171e-15
7.437815393993161715e-15
6.465313231346273516e-15
6.833855009794418400e-15
7.465391296585168036e-15
6.748420365483663289e-15
8.070585410369479667e-15
6.984282812840922659e-15
8.538176429235556788e-15
7.520123708366327967e-15
7.909506643726051984e-15
9.890778694905182468e-15
7.785166068865179575e-15
7.653278345542838747e-15
9.061035782685308733e-15
9.612692430532401404e-15
8.223250201170628979e-15
6.223662751213145148e-15
7.005570309721981657e-15
6.059736483290256770e-15
6.244771285227397508e-15
7.527353555989442677e-15
8.363722015636018892e-15
1.045647165300496030e-14
6.809317995171859209e-15
7.197311466296553571e-15
7.225457094669656017e-15
6.044594105605773314e-15
9.071580135253869398e-15
6.654425482669586126e-15
9.125018144759580101e-15
7.012645774356072606e-15
7.344011199442424213e-15
6.962257724379176002e-15
5.876262024559536544e-15
6.417350598573617142e-15
6.612664864307789903e-15
7.953676680318287335e-15
8.384006676998913718e-15
1.005470867281785680e-14
8.706415196159462292e-15
6.118473784752622205e-15
5.940012354182536210e-15
9.557756490002001306e-15
6.024581496865454385e-15
6.946953085814812895e-15
6.214168847168760827e-15
7.693873127186325586e-15
5.322621259703959700e-15
6.774295741181023807e-15
7.128968064898581585e-15
7.262219641126960345e-15
6.529103723137308155e-15
5.547186752857677729e-15
6.251151083395451025e-15
6.557405263734526944e-15
7.550174234975894977e-15
8.573696296822047357e-15
9.040436125748906421e-15
9.138280248866444561e-15
6.920535325385099305e-15
6.852754097695731011e-15
6.358100192003756870e-15
7.575806541248482987e-15
6.379457316747476217e-15
8.442956007273569865e-15
7.377130177986382048e-15
7.587443314089116002e-15
9.905098485390227639e-15
8.530767571665536247e-15
7.470566055340805408e-15
7.249019819667948365e-15
6.838491168685305914e-15
6.997650885179103238e-15
