2.324834445399453815e-10
2.027813484258686644e-10
1.768890401899335781e-10
1.542799791990481965e-10
1.345660580256113918e-10
1.173769095625365885e-10
1.023842362958944367e-10
8.930899827223945014e-11
7.790452780866781258e-11
6.795888135415882429e-11
5.928719537828641786e-11
5.173222547690488527e-11
4.511870451059181527e-11
3.933530819055716715e-11
3.431557867400355626e-11
2.992765233623661667e-11
2.609599951722280830e-11
2.275307147470402337e-11
1.984302229089429173e-11
1.729904987171163982e-11
1.509107522701929896e-11
1.315952527311912323e-11
1.147458395253763343e-11
1.001449072927298370e-11
8.738409699812368891e-12
7.615146426035908690e-12
6.644015640149617126e-12
5.779248917818338175e-12
5.041308539014969192e-12
4.393995589209466817e-12
3.843466125692952549e-12
3.361211853949608732e-12
2.930308950583061823e-12
2.581166012397467285e-12
2.266319485265139827e-12
1.974437272497913001e-12
1.715138292596025818e-12
1.483876894996608599e-12
1.281867464574557282e-12
1.124495799174219196e-12
9.860571688828522769e-13
8.337035290843535013e-13
7.244442481566498362e-13
6.219947794815873015e-13
5.472801763506186933e-13
4.764339015755240567e-13
4.056537737219525396e-13
3.644287000316809568e-13
3.228700049163613160e-13
2.807446066791048467e-13
2.477837321397143496e-13
2.178250710677480833e-13
1.881783204540444682e-13
1.519318330772072247e-13
1.371681613904392020e-13
1.159802976826341502e-13
1.041861548878303029e-13
9.268200336903144277e-14
8.476829816075594809e-14
6.937975389433317690e-14
6.556489909848566973e-14
6.399570352540583887e-14
5.336255710648093057e-14
5.487899163874034737e-14
5.079711752430814948e-14
3.687728011165905213e-14
3.101552641007321179e-14
2.556715578840879288e-14
2.860425427695109375e-14
2.380047727464789061e-14
2.161543312087525588e-14
1.385575147392590840e-14
1.383864679744519343e-14
1.269947599075292529e-14
1.125896009043902340e-14
9.802882925794869578e-15
1.149311111987865752e-14
1.154096669377457328e-14
1.389832412598187845e-14
1.438480500862460094e-14
1.600527884040818250e-14
1.642947411649317166e-14
1.483847217390273659e-14
9.915513266882030696e-15
1.000857500305426820e-14
9.443582907228533419e-15
1.021437384130545244e-14
1.093829911849541549e-14
1.089722552580673944e-14
8.688963219661811484e-15
9.381944926315666418e-15
1.206847412105657298e-14
1.124133967114171032e-14
1.067578213276895276e-14
1.095763253486061229e-14
9.122888659646022793e-15
1.544453471686661221e-14
1.838785562450956968e-14
1.884655222913715709e-14
2.033449170248034524e-14
