9.414124267741928948e-04
3.838399192600648472e-04
2.330437878385072125e-04
1.692905155481951452e-04
1.252230671009592735e-04
8.633351410287866444e-05
5.671519854716982278e-05
4.089642728729021539e-05
3.720133209607227252e-05
4.187874931033071018e-05
4.998997511075344648e-05
5.742794874756294512e-05
6.084990119982162932e-05
5.729285196706741692e-05
4.646851466187745626e-05
3.270196767627857527e-05
2.407510763282313121e-05
2.699400800194620858e-05
3.537891899018681804e-05
4.222028393241325826e-05
4.474129746584831719e-05
4.266563360603567911e-05
3.756333713809003434e-05
3.120762985881558399e-05
2.465389745367531178e-05
1.921165755223338593e-05
1.737621508209660076e-05
2.077959663584117130e-05
2.741728855036119881e-05
3.451652830895085333e-05
3.978415791058311884e-05
4.112579913457020035e-05
3.731926685948693429e-05
2.927097907772262245e-05
2.071082128932243539e-05
1.808514670923949750e-05
2.314918619732630675e-05
2.979035846378810660e-05
3.421272713463201004e-05
3.519255212190919779e-05
3.297808461680416581e-05
2.865508615284303076e-05
2.334605815136389499e-05
1.811465293840366851e-05
1.475369020219053044e-05
1.566900828530549145e-05
2.049697288151636039e-05
2.661867108645074110e-05
3.185074974698839901e-05
3.441447229173172394e-05
3.303670120769255767e-05
2.769755798459677600e-05
2.033522651820391088e-05
1.541412188660703413e-05
1.749636015479534020e-05
2.329053823691623409e-05
2.824346490726950529e-05
3.056442551872732389e-05
2.995184577910050156e-05
2.699449087289407926e-05
2.262524309453762755e-05
1.780185255319168686e-05
1.390029433842305244e-05
1.322850005412815020e-05
1.665817007816268295e-05
2.202169018984385688e-05
2.710020038834145368e-05
3.023547810581302808e-05
3.017968714089913946e-05
2.653506869701281954e-05
2.035822460472038888e-05
1.471869102835244645e-05
1.444705366677399455e-05
1.916544339046792343e-05
2.421716245682453846e-05
2.728307067478785654e-05
2.770939782934511494e-05
2.575221048162959950e-05
2.214262204093111948e-05
1.774071012180117120e-05
1.367544171714074468e-05
1.195230635186168298e-05
1.419760139551957033e-05
1.890522433715435179e-05
2.380697624021741417e-05
2.726888646222128582e-05
2.806670446175949730e-05
2.561066997146780008e-05
2.044688412065336379e-05
1.474811081158460247e-05
1.277318357241663610e-05
1.629854432625994421e-05
2.123683701102789217e-05
2.476410379610447855e-05
2.593445361517964512e-05
2.475775942397439306e-05
2.178672868015968687e-05
1.778697854140408056e-05
1.372811916640936019e-05
1.130662761582740317e-05
