2.737862896372915311e-05
5.549501537758509982e-05
3.372804641204629105e-05
2.223538122004853310e-05
4.403311793929853531e-05
4.811357799271962247e-05
3.296086805786835306e-05
5.245088150202603737e-05
2.933933362224303983e-05
2.624237837442463731e-05
4.969624558917556917e-05
4.030225552587015172e-05
4.337043962701599083e-05
4.731535018314707075e-05
2.543841610558772960e-05
3.146355044604049389e-05
5.401731846382126713e-05
3.247785578966175886e-05
5.218413360849419606e-05
4.144829473385901625e-05
2.224977166784532174e-05
3.650297885050307096e-05
5.470734311676517378e-05
2.752853643347205598e-05
5.563560639222087236e-05
3.590605674975960021e-05
2.142040558014640059e-05
4.158657355424360717e-05
5.094539726534519375e-05
2.951453521191298548e-05
5.412465916592900576e-05
3.118726616822184688e-05
2.418029165024601602e-05
4.721558433376237424e-05
4.389605962797161532e-05
3.858435639624514579e-05
4.972435260156080338e-05
2.710906489149969947e-05
2.913697302600650528e-05
5.243589358652979871e-05
3.576617470090316751e-05
4.882755076626064071e-05
4.403544169195432065e-05
2.348699957487820981e-05
3.432010401979370431e-05
5.495381785639317845e-05
2.909935426482976588e-05
5.482236458449162291e-05
3.824760070909389897e-05
2.136031589476585640e-05
3.929381709302455955e-05
5.310886948572482729e-05
2.758420898986357084e-05
5.525995520236754138e-05
3.315553476509189908e-05
2.256267196522494044e-05
4.469224272031727948e-05
4.726503936097195617e-05
3.404418455172307354e-05
5.189048257286010319e-05
2.884560976144088631e-05
2.684041208640116638e-05
5.032929583300804581e-05
3.931294345794304214e-05
4.460859907802673273e-05
4.660730262223661242e-05
2.499274242382274413e-05
3.208700340272026416e-05
5.432891617680772411e-05
3.165087959617209312e-05
5.290203725676423868e-05
4.073268513042046433e-05
2.197819861954315403e-05
3.710012746094093841e-05
5.447960168893245400e-05
2.732030226254021551e-05
5.566914400912953697e-05
3.528049067215079945e-05
2.156781161852594901e-05
4.224407565844292764e-05
5.022085786576601052e-05
3.032464635947418289e-05
5.369764949521873388e-05
3.066048249702071178e-05
2.471548938657685927e-05
4.791490737058157998e-05
4.290990633964826225e-05
3.990965031414252267e-05
4.906750901980736607e-05
2.663489642405429596e-05
2.978576906658313955e-05
5.293837237573776212e-05
3.481235315161587912e-05
4.985927605995759971e-05
4.330755067584448687e-05
2.310638940791173078e-05
3.493187492876175258e-05
5.497497954005562082e-05
2.854249948422626635e-05
5.515429131191915455e-05
