2.474373798756590774e-14
2.634145039874598769e-14
2.507817175043664545e-14
2.553136533966994042e-14
2.148901538580528332e-14
2.405735362346675699e-14
2.672229580224356650e-14
2.982283731331299625e-14
3.001171970027273065e-14
3.054739744655840163e-14
2.619564451321524695e-14
2.434900041314810738e-14
2.041050371271296914e-14
1.551366647628512871e-14
1.309536306245484452e-14
1.071087447234289443e-14
8.928810300414657611e-15
8.937337773434216612e-15
9.851417528586070068e-15
9.315664056358228023e-15
9.735002309234847717e-15
8.624511291290206426e-15
8.963545669758404513e-15
1.403916199704681279e-14
1.288222192128366460e-14
1.353842706644022012e-14
1.707560891207327634e-14
1.786749458202816171e-14
2.115636064966923888e-14
1.807008554818596480e-14
1.640953456464522144e-14
1.679460584211186045e-14
1.751179222514804800e-14
1.550787562568936805e-14
1.634159676941507001e-14
1.602348139713892963e-14
1.433869759279332620e-14
1.278517140002215593e-14
9.051687362133397650e-15
7.043171558225670520e-15
7.319317016898956746e-15
1.095650578391575032e-14
8.455278723270873534e-15
1.167628390204426576e-14
1.437905686432093233e-14
1.151333095914340700e-14
1.028474816299637462e-14
9.049692421035545690e-15
1.374803278574725615e-14
1.260052838338461477e-14
1.246664128305651725e-14
1.374990162530538477e-14
1.649369297320695649e-14
1.639378281323392168e-14
1.859560171703731056e-14
2.640300242737152221e-14
2.166257081922593846e-14
2.429773318929159730e-14
2.465432585365770502e-14
1.789714002089239609e-14
2.118938220258702199e-14
2.149934906061369941e-14
2.016098817985457644e-14
2.214854201445461353e-14
2.262394155287798023e-14
2.339805686337649782e-14
2.164587786496784070e-14
2.221959384711324350e-14
2.035856897075521598e-14
2.207026880737995451e-14
2.094595982549893174e-14
2.090186739191799958e-14
2.058541969093651357e-14
2.398092225395874263e-14
2.237398083475922762e-14
1.634717107089236966e-14
1.714518554799940975e-14
1.784966697388887852e-14
1.924468231952828143e-14
1.706139086618382461e-14
1.285856194077914538e-14
1.174021273213240484e-14
1.113452340505016949e-14
1.091643386254360218e-14
8.733491828367154472e-15
9.223908272997653246e-15
1.495318273629192149e-14
2.369162838341803162e-14
2.756854934722069826e-14
2.747179128818496951e-14
2.595268333421463187e-14
2.248374722456488864e-14
1.892326409497196685e-14
1.189947221359831848e-14
9.824446631763453135e-15
7.563333082667729591e-15
7.213087224480235658e-15
6.565481025584395412e-15
5.948947288498719064e-15
6.447708369925751132e-15
