8.994632308007254090e-15
7.924688717985991595e-15
7.693125504462026500e-15
9.301683242323542781e-15
1.171290397252338060e-14
1.010922526199037303e-14
8.712916590606217724e-15
8.323735469531188512e-15
9.883079704627376530e-15
1.005886277158292338e-14
1.214692895956256848e-14
1.242263657063216875e-14
1.350951291471073019e-14
1.330100673164030467e-14
9.958620433165914976e-15
7.716015505998481284e-15
6.922319045374864547e-15
6.658061696158147650e-15
7.011910277994566416e-15
6.200695116056654779e-15
7.504770237090093106e-15
8.213692083373480020e-15
7.649571247139498007e-15
8.179104099156860705e-15
7.536453434671712965e-15
7.332622217615779947e-15
7.432394795806689149e-15
7.546294613626087265e-15
6.803039037269218720e-15
7.689047723647436636e-15
8.390003362463895457e-15
8.250419304822186602e-15
7.760162494809365261e-15
8.815874305282334331e-15
7.979331303055864126e-15
8.495007990467748298e-15
9.554889817497797276e-15
9.792315579190230870e-15
1.140358041977773818e-14
1.181552880896189923e-14
9.949634925059161236e-15
9.887603949232198579e-15
9.217168335999630487e-15
8.292328464047024344e-15
8.466921750599415577e-15
9.587536249833541151e-15
9.734572239161207673e-15
8.928307439398868850e-15
6.991937898732921515e-15
7.675665888288573656e-15
7.885862408997618383e-15
6.886385731107147589e-15
9.880000941471100395e-15
8.472475721785245822e-15
7.245820610276859175e-15
7.279884670854814630e-15
6.077370235025254931e-15
7.893425913541379721e-15
7.564498022386130014e-15
1.017990631658111476e-14
8.806235178080188828e-15
8.190107841957478338e-15
9.079292313153323597e-15
7.997265815786828649e-15
8.789175717481253656e-15
9.639802321493679477e-15
1.215469726733705543e-14
1.083241740710175805e-14
1.057739758866888942e-14
7.912132393370099584e-15
8.330408188166524691e-15
8.456765380555853086e-15
7.678263434991645594e-15
6.975012794089218279e-15
6.695706674570435160e-15
8.697079571014914311e-15
8.326607677479656708e-15
7.330323290689919369e-15
6.850857936629578208e-15
6.215665389646270359e-15
6.614584380995690268e-15
7.251327041001435229e-15
8.920992951595787607e-15
9.478182732868045838e-15
9.566169610079205449e-15
1.063465640891969974e-14
1.052394352320269218e-14
1.118169738288871074e-14
9.725948395778021656e-15
1.044449698696204830e-14
9.573377474721188779e-15
8.442842886697380983e-15
6.537250640670493272e-15
6.881000866452187449e-15
7.477278238893656708e-15
7.671082452887596506e-15
7.233295648452685041e-15
7.802191765329946945e-15
8.315733850355437879e-15
9.172741401349919860e-15
