2.644415306432689600e-02
1.847691645773665015e-02
1.899574863288401930e-02
2.147055367373684395e-02
2.180928252537380624e-02
2.837046188427964216e-02
3.084958789810334640e-02
3.064253816849187712e-02
3.741217186439869946e-02
3.501497696593677822e-02
5.622518564642537547e-02
6.157723642878572268e-02
6.068188161310521939e-02
6.902636387561651710e-02
9.831588039418462377e-02
1.347941045893036871e-01
1.860526163678733191e-01
2.659864953971615154e-01
2.232888871545664067e-01
2.182748190127001275e-01
2.228503511806533000e-01
1.948981572092235992e-01
1.954375881323937580e-01
1.602528719582500538e-01
1.299365509131335528e-01
5.807305973052968168e-02
3.535942641350071219e-02
4.359503104614221441e-02
3.318033502590885669e-02
2.559238151333162112e-02
2.666197608473346720e-02
2.637164736054526532e-02
2.448306150095067371e-02
2.781723101165686080e-02
4.176015668010484710e-02
2.117999385040927884e-02
1.962481844641926834e-02
1.777285655084207688e-02
1.536913521193414116e-02
1.288693579600147000e-02
1.165775794439367560e-02
9.209236558919461912e-03
7.205526403647167198e-03
7.003691859681027143e-03
6.125274981255145711e-03
7.225283948404976828e-03
4.509310898850283147e-03
2.855535573834628443e-03
3.174071745197843200e-03
4.083755085868835157e-03
3.789048868298430274e-03
6.021544710726365983e-03
9.330970234059460244e-03
1.105410530152692652e-02
1.144536120344991255e-02
1.408172230341091929e-02
1.114504442486641093e-02
1.606405109185550170e-02
2.306698783662329208e-02
2.133924319720075305e-02
2.198449278059223105e-02
3.030142519022447148e-02
2.997594027438416076e-02
1.782261963526491494e-02
2.700176982637248271e-02
2.548434648765439403e-02
1.702981978600840579e-02
1.179080819955154180e-02
2.124390954632520562e-02
2.521006546508037724e-02
4.189531973004356757e-02
4.219024383587900717e-02
2.925021709932272215e-02
2.712430348596319221e-02
4.054626684322612529e-02
7.809063632909817032e-02
5.818205057393178309e-02
3.657759635187975839e-02
2.326349795720904570e-02
2.299995350686508469e-02
2.178993146493010333e-02
3.883621572796404353e-02
4.228541112518829220e-02
6.031122764331687397e-02
4.923631853286943028e-02
3.078819685564727210e-02
2.999290422467312811e-02
4.406882212301968527e-02
4.313900306956745812e-02
4.327149532616995226e-02
4.712245570146803703e-02
6.707997253935149562e-02
8.989082378879689750e-02
1.265740872266084283e-01
1.847922882878268169e-01
1.422327205994634025e-01
1.297852357221397912e-01
1.232076498462184727e-01
6.619888078287208821e-02
6.012989570276593143e-02
