6.711574821416503329e-05
4.384576888027270073e-05
5.572723441648251249e-05
6.034835880070288594e-05
6.284918619228303468e-05
7.176642198786452309e-05
6.544004915865324627e-05
9.095293311138837467e-05
7.121132821631970266e-05
4.327196785016410090e-05
5.473755708610112769e-05
6.051991033529567171e-05
6.212286551322250625e-05
7.162778318670592859e-05
6.478502852921587927e-05
8.933165165585838679e-05
7.476338538131068747e-05
4.247479687675076383e-05
5.341764119470866345e-05
6.029116665945766034e-05
6.106626287728673930e-05
7.092081077198957647e-05
6.400680036136936659e-05
8.706898638215774307e-05
7.761772598555780197e-05
4.154110500129534522e-05
5.187019963230410569e-05
5.971379671564296489e-05
5.977177711261686533e-05
6.975169336531313914e-05
6.316722982778537028e-05
8.434577650802974405e-05
7.974695795701580107e-05
4.059424441540409223e-05
5.022851454956705174e-05
5.889574576005948464e-05
5.837478726313834735e-05
6.829147106332604219e-05
6.235772280653881043e-05
8.139769657626814970e-05
8.123767983394450506e-05
3.977458561283536020e-05
4.862478251688669059e-05
5.797093981378952402e-05
5.701839407829826167e-05
6.672915280771817058e-05
6.167660460930988033e-05
7.845417738631520893e-05
8.225893512261448555e-05
3.921597252927276752e-05
4.717023471093842631e-05
5.707177692302072594e-05
5.583188863295341704e-05
6.523895570167911895e-05
6.121690214333443299e-05
7.570784209997172970e-05
8.301145533872573111e-05
3.903236024760000885e-05
4.594339646876747444e-05
5.630678946882730607e-05
5.491441356043011299e-05
6.395547979810038621e-05
6.105328386838273851e-05
7.329260443501868082e-05
8.368378697847972977e-05
3.931307875972302169e-05
4.498885960823430848e-05
5.574987398485774974e-05
5.433084358086677143e-05
6.296614432060272995e-05
6.123581051290506142e-05
7.128315203981863007e-05
8.442311675920801620e-05
4.012480560858403087e-05
4.432056240498310801e-05
5.543736382610943533e-05
5.411288461349791803e-05
6.231210524725657070e-05
6.178656051576981978e-05
6.970175388478232117e-05
8.532113724672337732e-05
4.151539218756152477e-05
4.392656508344008209e-05
5.536959492756216136e-05
5.426254450117278422e-05
6.199368329137854364e-05
6.269791525742326283e-05
6.852915096931972165e-05
8.640958826752315983e-05
4.351536813565047584e-05
4.377280004129434230e-05
5.551356945871382839e-05
5.475453304438780201e-05
6.197558528694064640e-05
6.393043802287894702e-05
6.771425844668735967e-05
8.766051053127026506e-05
4.613498390803547891e-05
4.380554036614063904e-05
5.580570564002422106e-05
