1.041728639165119527e-11
8.757417139757569380e-12
7.362030823041833628e-12
6.189851405779031842e-12
5.201151786352224022e-12
4.373124655248585496e-12
3.672925035452976122e-12
3.081584696630747325e-12
2.588168578790319536e-12
2.177044690632364616e-12
1.831525294403180951e-12
1.539930718260333204e-12
1.296548736078417862e-12
1.088846704111565720e-12
9.192586061142562142e-13
7.692254194779904549e-13
6.412999894983130582e-13
5.406819250199368247e-13
4.510833868216651659e-13
3.788689008493748936e-13
3.123180340210389472e-13
2.595339700870833125e-13
2.148184423581443936e-13
1.792928574382300505e-13
1.490033334509345985e-13
1.246809988383311318e-13
1.053105645398711671e-13
9.067016025977323688e-14
7.771468124644793511e-14
6.666897380985227634e-14
5.612667202818443129e-14
4.523349084377996544e-14
3.726793635834059731e-14
3.235613362296987118e-14
3.142984226481302806e-14
2.624545848435389272e-14
2.442253068744193742e-14
2.274861978712359709e-14
1.951949751931650943e-14
1.814028271050184501e-14
1.791717640666756404e-14
1.418289173931778923e-14
1.324880572170387724e-14
1.323839453922085403e-14
1.305702368555211294e-14
1.084554309268886568e-14
1.336907243206601141e-14
1.386584885901127772e-14
1.339803926045072319e-14
1.222891145829783921e-14
1.103303605275187562e-14
1.126865688149103640e-14
1.251839755877911596e-14
1.342814752317950540e-14
1.392180340842539036e-14
1.384421597189556560e-14
1.508539941528695393e-14
1.491578928498734773e-14
1.558009960492119452e-14
1.555029522814092261e-14
1.346360273433896060e-14
1.065877629218040986e-14
9.581145516483435493e-15
9.816065513347319240e-15
1.111047078370981555e-14
1.023305467944412921e-14
1.045432984610169439e-14
9.598362471487414180e-15
9.847763028376788476e-15
9.130443092810479826e-15
9.174788797446568829e-15
1.066623432799512241e-14
1.232574571777991541e-14
1.061745761834272315e-14
1.383307192738514877e-14
1.281207465953430533e-14
1.211457835700278849e-14
1.390399276343351555e-14
1.189584258404194260e-14
1.307904390845261592e-14
1.475632696058271288e-14
1.713805727840607770e-14
1.696603991257929185e-14
1.613439232946575760e-14
1.594102360850340127e-14
1.453583027183529922e-14
1.327483538692098301e-14
1.120465322554237477e-14
1.100586956271258104e-14
1.246541039799538362e-14
1.046710856445221899e-14
9.509057625158506192e-15
1.000009545613712185e-14
1.065759501262455559e-14
1.184006696721845010e-14
1.164167483509959725e-14
1.317753250677186414e-14
1.060296948229207056e-14
1.017086866998211394e-14
8.648192840128582848e-15
