3.086188691897262549e-08
2.790861392694383315e-08
2.523794737862257968e-08
2.282285153659922090e-08
2.063885784097047549e-08
1.866386076983305347e-08
1.687785487639970570e-08
1.526275535806505037e-08
1.380221514184799117e-08
1.248143801603113090e-08
1.128704741169757693e-08
1.020696025575701468e-08
9.230228043515891321e-09
8.346963851223794979e-09
7.548219933751351051e-09
6.825910773134271272e-09
6.172720947006930968e-09
5.582035668299789223e-09
5.047881319560919950e-09
4.564830368599277205e-09
4.128006051361024863e-09
3.732985699932287640e-09
3.375761789907449497e-09
3.052730381790698479e-09
2.760612610431148340e-09
2.496446912860036199e-09
2.257548918340136858e-09
2.041506545519558481e-09
1.846146361098117209e-09
1.669486685650410264e-09
1.509724081037614959e-09
1.365260103553685712e-09
1.234618370636486323e-09
1.116474880804988594e-09
1.009641667217357011e-09
9.130282374520511899e-10
8.256563660171776505e-10
7.466470032019537781e-10
6.752050681830294884e-10
6.105921359706792393e-10
5.521684622808074701e-10
4.993329185639218657e-10
4.515539275921169814e-10
4.083437689660054682e-10
3.692692155634427345e-10
3.339340022711963601e-10
3.019831463682148685e-10
2.730865113302560919e-10
2.469444378659664117e-10
2.233226365759169347e-10
2.019547640073483833e-10
1.826309634382520375e-10
1.651546576085030742e-10
1.493492631595966679e-10
1.350559414501031954e-10
1.221277650515443300e-10
1.104463917620692922e-10
9.987572132498761775e-11
9.031715921085982766e-11
8.167699764587770633e-11
7.386753362143187207e-11
6.679988865294311190e-11
6.040975909412471176e-11
5.462754669684750354e-11
4.940654689936294892e-11
4.467972430171318822e-11
4.040308362742655009e-11
3.654103400471376600e-11
3.304905562724696347e-11
2.988790411559090198e-11
2.702441127441517552e-11
2.444477732195713780e-11
2.210848454827846359e-11
1.999489950099966521e-11
1.808220764872297228e-11
1.635443507503128011e-11
1.478973409549666050e-11
1.337188784134427933e-11
1.209357452789997560e-11
1.093243973515626741e-11
9.884062823910768940e-12
8.941651825408318459e-12
8.078245984749001191e-12
7.303749891639401000e-12
6.604768736238193749e-12
5.980842748939573197e-12
5.410973713218191527e-12
4.894454091110635243e-12
4.424425199328243329e-12
4.004336117287188300e-12
3.624310936095662262e-12
3.275743015895249719e-12
2.962044457665773454e-12
2.680158426544841039e-12
2.419284034967610460e-12
2.188418794989996234e-12
1.979394345106699386e-12
1.797951009841383155e-12
1.621238012454870119e-12
1.458755198949388727e-12
