1.350041922230320831e-14
8.520780187661683304e-15
1.083605707628874800e-14
7.963957534057211615e-15
7.787589673845729312e-15
1.015313792705272684e-14
1.021865216815931388e-14
1.061579618575077643e-14
1.104118092054297918e-14
9.477515297428930619e-15
7.773804372701906409e-15
8.560681079733536103e-15
7.759628304196563845e-15
6.485447868638609183e-15
8.297351939211713648e-15
7.828790710760562715e-15
1.151646007489328464e-14
9.479626863077853183e-15
8.638567598249313247e-15
6.715571655776879765e-15
8.317386736223307750e-15
7.611725455320297608e-15
8.134853633086750579e-15
1.125181336377235129e-14
9.169675439276069023e-15
1.003096631317988140e-14
1.059436799741493100e-14
8.836761073210687006e-15
6.991849183872580067e-15
1.062214062847667741e-14
9.624869309172060375e-15
9.451420016127054305e-15
7.550674023983780851e-15
8.560832760022072535e-15
7.765061179011434803e-15
9.891977365725749608e-15
1.067658601787004650e-14
9.446407191635700043e-15
7.091938259411157282e-15
1.007041328030656050e-14
9.590650420210852734e-15
7.830263533494573063e-15
8.811900779602318777e-15
7.937909058529048751e-15
8.092164466395910787e-15
8.928231940393579246e-15
9.044268779557862355e-15
7.707037299447375712e-15
9.790873502911236582e-15
8.646755572254315306e-15
9.361642372376127905e-15
9.834452617242994848e-15
8.024115278909449475e-15
7.087989480200449085e-15
6.486233841642789214e-15
9.303982486392369984e-15
6.464534024846618042e-15
8.984826711187324313e-15
1.049198561252772365e-14
8.746157165479200487e-15
8.202563785355019574e-15
1.248328371732187215e-14
9.282467065832673528e-15
8.011121674391218286e-15
7.434404727697528214e-15
1.193626151439395381e-14
9.659868851382060572e-15
1.036557547711780589e-14
7.669736692532267634e-15
7.803180335143070829e-15
1.105666857103942455e-14
8.616455150084371512e-15
1.310394130500265082e-14
9.911718110833099048e-15
7.853219437463454384e-15
7.481624844243264855e-15
9.172492231759397730e-15
8.578690280787752281e-15
7.416921341602692793e-15
8.729601671704908462e-15
7.553986780755645221e-15
9.819822806413875967e-15
6.524711018325399057e-15
6.997745493205984152e-15
8.148284789696051766e-15
7.531104132362403813e-15
6.671146626646890869e-15
6.194699232945979359e-15
9.154918626640472068e-15
7.186759004526436775e-15
7.445045948196980792e-15
9.348737050612269136e-15
8.045972875911143359e-15
7.880148224912694781e-15
9.059636825072546417e-15
1.066178392606503041e-14
9.821729187900507147e-15
1.187136930164877648e-14
8.549213614512024128e-15
8.751471388766040834e-15
