1.925748708948205845e+01
1.896903059199847519e+01
1.905469352025408369e+01
1.873755554280263524e+01
1.827557424319387636e+01
1.845457840296498730e+01
1.813813108672240304e+01
1.860266390149525151e+01
1.849850986689511601e+01
1.864542911731308550e+01
1.950126046667202218e+01
1.959291100592102808e+01
1.926616305337972079e+01
2.050980302226561136e+01
2.034133664746288517e+01
2.091888480924663085e+01
2.018847182935788709e+01
1.980281237901026259e+01
1.972526555830913253e+01
1.984845475732868181e+01
1.991385257467648273e+01
1.987727253277992290e+01
1.983493663620004455e+01
1.960720957308702239e+01
1.909497041578013565e+01
1.916487284255310897e+01
1.945135700684987157e+01
1.897452860398603391e+01
1.914006690218534956e+01
1.899555134092637232e+01
2.011211983718740015e+01
1.965236741482435434e+01
1.954043607448689102e+01
1.964133687909415116e+01
1.940894953253556565e+01
1.941864431507099553e+01
1.932155646405824001e+01
1.876065169032405677e+01
1.887417773039451774e+01
1.824891065069524387e+01
1.858946223174690715e+01
1.853198591404559892e+01
1.860579922573053935e+01
1.868900280695730842e+01
1.839901151507983457e+01
1.824218284172672710e+01
1.917651113064010815e+01
2.227625464565424807e+01
2.414954830009827091e+01
2.152149780143706082e+01
2.049416521226836707e+01
1.977715803489101631e+01
1.900337059108173676e+01
1.846307818697318126e+01
1.835368823707515418e+01
1.931276496025790834e+01
1.907636474171402341e+01
1.883713356958917373e+01
1.891398028898623451e+01
1.919643046499120587e+01
2.032768491987136272e+01
1.986159287314007926e+01
1.956084206752283805e+01
1.927184134615535527e+01
2.020139761044536542e+01
2.017374362547289834e+01
1.975320607714627741e+01
1.980471048830495562e+01
2.042265160443536587e+01
2.041150038885519535e+01
2.029840957722203143e+01
1.978980456552054434e+01
1.947853521343266081e+01
1.927693078507467206e+01
1.918529906066337531e+01
1.907309094721138365e+01
1.894129752747249640e+01
1.902219623301157725e+01
1.925574632958400656e+01
1.951305081804880359e+01
1.980660352908066102e+01
1.958466102673919806e+01
1.950912013351417329e+01
1.940379967241967663e+01
1.929800105028744639e+01
1.907986741346650206e+01
1.882637695352827834e+01
1.873887363245448157e+01
1.842778292567551546e+01
1.832590290388915832e+01
1.851434859353327411e+01
1.800972644582757809e+01
2.125226481761107422e+01
1.950185933236562263e+01
1.209134909017216408e+01
6.377136123444402394e+00
5.521542192949524086e+00
5.476467646099005826e+00
5.647773643765350293e+00
5.488905234012223744e+00
