1.205533483192821598e-14
8.107829000139182705e-15
6.458959540159497049e-15
1.068637646630854330e-14
8.147843818329303423e-15
5.482983165528266254e-15
5.841821356514952628e-15
6.850778595948407946e-15
1.202438940520850683e-14
9.751068140120237828e-15
6.627364775353265722e-15
6.774217558324647487e-15
6.479244897716766603e-15
8.926266719367610830e-15
9.002179294575147132e-15
6.158737430172041919e-15
6.835698933030875009e-15
1.062026670882595479e-14
9.538211990361580380e-15
1.021150068664841188e-14
8.275404841823795378e-15
1.420808803627706292e-14
8.276887631580453549e-15
1.291164460325830720e-14
9.456142991520930250e-15
7.705934570401819843e-15
8.465205280689089932e-15
9.073604755774949830e-15
9.484108135295766575e-15
1.075067033628671098e-14
7.191925034348203877e-15
7.461994041024251924e-15
1.241139791735116292e-14
8.942081391733135389e-15
9.952532955478876719e-15
1.350702574774399633e-14
1.117624056713265414e-14
8.746517740439964680e-15
7.866352597356030956e-15
8.755782996691297182e-15
7.775435455007932801e-15
5.145388681596370499e-15
6.057488454406498948e-15
6.729471530632012275e-15
7.744400913565069124e-15
8.078022198234131573e-15
6.485802357038896372e-15
6.522194860236980419e-15
7.440405937053011773e-15
8.511687621429421189e-15
1.110106792067899618e-14
1.110018904801982384e-14
9.740211410468893699e-15
9.177252021420381345e-15
7.210453198692951024e-15
1.002189433423514575e-14
7.805177725954630526e-15
8.995614278613181217e-15
9.566389730505625602e-15
1.169481300017805050e-14
1.115985026808684037e-14
1.112913681322075639e-14
1.002876753999002595e-14
1.157162452739279819e-14
1.121810679149889425e-14
8.171500141008687578e-15
8.135429951954686639e-15
9.355077904839321000e-15
8.914759977154756733e-15
7.343271959247748106e-15
7.731610183068655697e-15
8.925942399455336911e-15
7.970310426056372964e-15
8.681673164173295804e-15
6.629725501647072716e-15
7.472119958894014276e-15
6.586594042055223722e-15
9.411663843488230585e-15
7.443704701602114755e-15
9.054662332463732384e-15
8.595440516506259497e-15
7.101034981180321325e-15
6.921610144953515629e-15
9.210455118224713766e-15
7.724321404385399848e-15
1.058199804942755908e-14
8.545814091734378515e-15
7.380470271769376899e-15
7.397685906966117141e-15
9.888696799981626363e-15
7.165607460757097972e-15
7.162162123951866567e-15
8.094285171847714299e-15
6.646715183823039386e-15
8.894388590398236719e-15
8.046342388228401495e-15
6.497343269694516166e-15
7.188389329269289350e-15
6.927983456640693013e-15
7.565708027005874478e-15
