1.863517852822972628e-05
1.794373832464314061e-05
2.156518045840383297e-05
1.981754613211586950e-05
2.075240204754576540e-05
1.646535765695839710e-05
1.480208250735966658e-05
1.550593694920810090e-05
2.405131331486162164e-05
3.633566860228811435e-05
1.911639166171763996e-05
1.867337770238853276e-05
2.230111333493807216e-05
2.060102084473424162e-05
2.156659045491560260e-05
1.710137690247481420e-05
1.543657270583717023e-05
1.617984810329722151e-05
2.532441334587623755e-05
3.750846860707358286e-05
1.943415356243983721e-05
1.925182574507325624e-05
2.280757915293291419e-05
2.118665316568218529e-05
2.215968852262381887e-05
1.756580533623265655e-05
1.592153600302423128e-05
1.670435693427130841e-05
2.638886216413077030e-05
3.822974975084015707e-05
1.956906488620971209e-05
1.964529143536725923e-05
2.304248113575501372e-05
2.153203182412111733e-05
2.248408286427824450e-05
1.782116629362872308e-05
1.622142864761706824e-05
1.704400324630068390e-05
2.717977052276307145e-05
3.843215349789519484e-05
1.951361698465651197e-05
1.983093916976872670e-05
2.298239115429848029e-05
2.161056680317777887e-05
2.251031281436444140e-05
1.784376601960436460e-05
1.631290521284472052e-05
1.717545922483475820e-05
2.764805122081754192e-05
3.809027873402424751e-05
1.927315408325380914e-05
1.980057641741533170e-05
2.262787586852701367e-05
2.141680427068885897e-05
2.223334515979864982e-05
1.762875680890573711e-05
1.618949133494241465e-05
1.709200780315617047e-05
2.776889120051412492e-05
3.722745965406197246e-05
1.886434584014294889e-05
1.956164859300599490e-05
2.200416422916540765e-05
2.096766714607875887e-05
2.167408887729453107e-05
1.719160542879987234e-05
1.586297594846880054e-05
1.680476497473929525e-05
2.754579155998295649e-05
3.591193165416318159e-05
1.831184555565148515e-05
1.913528799470117541e-05
2.115665850747212829e-05
2.029907625393780895e-05
2.087543351138123785e-05
1.656527769294826821e-05
1.536094998698916468e-05
1.634016419329021284e-05
2.700885767679544279e-05
3.424345879751502521e-05
1.764440695905457215e-05
1.855222160403926509e-05
2.014272831462520717e-05
1.945914000578447355e-05
1.989416872617757738e-05
1.579406429996583556e-05
1.472138252001393147e-05
1.573464906750459986e-05
2.620813707361466637e-05
3.233513574395089821e-05
1.689157836827880478e-05
1.784792240534084320e-05
1.902246140161706990e-05
1.850020245996356779e-05
1.879150389730603263e-05
1.492612372374039901e-05
1.398610352597471193e-05
1.502841999357233590e-05
2.520441833058945259e-05
3.029617901515144985e-05
