4.397631143577487775e-12
3.880799094499125000e-12
3.428042656227824573e-12
3.025330483874341635e-12
2.670864070443682513e-12
2.361128891664425669e-12
2.077153029788145900e-12
1.832379786774784940e-12
1.616080565559943880e-12
1.427243837209887483e-12
1.259828425567210826e-12
1.115574073400742202e-12
9.951754979234281337e-13
8.805385647795096175e-13
7.732067817076895282e-13
6.757306473673668997e-13
5.963789724738891048e-13
5.268007673600417025e-13
4.595190609245979797e-13
4.000683391495204518e-13
3.561862311808784831e-13
3.180476354446523628e-13
2.795690648646104405e-13
2.415634642687123937e-13
2.137092755643085720e-13
1.890385376206829798e-13
1.730679857154474310e-13
1.502600672072966437e-13
1.378406147114383593e-13
1.167820091541314239e-13
1.082228343929637388e-13
8.604850371381206895e-14
7.819835188691094924e-14
7.128992241664401190e-14
6.955883298404700884e-14
6.561994450550452888e-14
6.156928702233280880e-14
4.794143265754508973e-14
4.138575813963276725e-14
3.706520629144351145e-14
3.255373984222972437e-14
2.572991309004999117e-14
1.895766079673686142e-14
1.960749689863816790e-14
1.733819935461307172e-14
2.092035784938991805e-14
1.871446515373696255e-14
2.051084206299378614e-14
2.086264508644122205e-14
2.030904103748312959e-14
1.441690233005006507e-14
1.323013263949700552e-14
1.232048889374493744e-14
1.070764034131073314e-14
1.027573730135481388e-14
9.104976727768732655e-15
9.105842121233668885e-15
8.114468341837845339e-15
8.636774965105334245e-15
7.759556946731585945e-15
8.925521516116704056e-15
1.033258867527477167e-14
9.436372248364526005e-15
9.234272635915191050e-15
8.200763178604852731e-15
9.530179398440168655e-15
1.248130129377997697e-14
1.257333810133368972e-14
7.003009919206845512e-15
7.594375688458223569e-15
8.873219613867879996e-15
7.547253354784008215e-15
9.406511135838559610e-15
8.409489258784104468e-15
7.120721230452381796e-15
8.179399258588644696e-15
8.626047275354759737e-15
6.634047084333917725e-15
6.638192685381923265e-15
7.792088406315513381e-15
1.043096049001250197e-14
8.667558650256080245e-15
8.262835909648125363e-15
9.252917616957843234e-15
9.094896444692465911e-15
7.602180561481303192e-15
7.309059692984156424e-15
6.894468754788480771e-15
9.103158588260755419e-15
8.017048332593618350e-15
8.699835915613483444e-15
7.633440292538639978e-15
8.376885366988077366e-15
8.814691077145628560e-15
9.786051619491108430e-15
9.328874486061405690e-15
1.024065629086305733e-14
1.198573527048791742e-14
8.956197885276143377e-15
8.956419809276511735e-15
