6.019081763222763337e-01
6.022159900547572331e-01
6.029120709421329494e-01
6.039422432754307790e-01
6.052278243397072321e-01
6.066726041110390710e-01
6.081717106951602947e-01
6.096206725848389851e-01
6.109231448067746761e-01
6.119967227129071707e-01
6.127773313490776363e-01
6.132229509135609380e-01
6.133167634974439064e-01
6.130688584943533304e-01
6.125152465073604446e-01
6.117134928369442060e-01
6.107355353892991445e-01
6.096594365456475817e-01
6.085621384104011877e-01
6.075145222382896115e-01
6.065787694173058187e-01
6.058070480893670284e-01
6.052404023755312279e-01
6.049072626098578320e-01
6.048217116785934433e-01
6.049820870901865266e-01
6.053705440390789727e-01
6.059539822102659734e-01
6.066864244388409100e-01
6.075126327963963346e-01
6.083725143582731087e-01
6.092057618818376152e-01
6.099562307579363685e-01
6.105757320982285741e-01
6.110271021580372386e-01
6.112864769555186317e-01
6.113446480508647474e-01
6.112073022787425369e-01
6.108939811336265846e-01
6.104357845526624526e-01
6.098721207956672163e-01
6.092470237168233771e-01
6.086055957567931829e-01
6.079909716514231288e-01
6.074419352606712508e-01
6.069911063351131064e-01
6.066635391496115748e-01
6.064756352780302784e-01
6.064343910946899951e-01
6.065370918376461473e-01
6.067715830765318952e-01
6.071171990355381798e-01
6.075463344414527844e-01
6.080265472026629148e-01
6.085230025054924052e-01
6.090010330000310557e-01
6.094285970746911030e-01
6.097784536031963798e-01
6.100299144244374361e-01
6.101700691774351037e-01
6.101944020883852682e-01
6.101067521012855099e-01
6.099186209415278226e-01
6.096479074663108122e-01
6.093172212155700818e-01
6.089519753670086244e-01
6.085784605109362255e-01
6.082220584690193332e-01
6.079056923145113034e-01
6.076485532752143870e-01
6.074651156936392571e-01
6.073644483464070154e-01
6.073498410072651899e-01
6.074187725031220397e-01
6.075632396665413548e-01
6.077704437512368996e-01
6.080237977762545931e-01
6.083041840635226016e-01
6.085913645554730245e-01
6.088654326519215010e-01
6.091081951437548048e-01
6.093043835053687518e-01
6.094426111307172933e-01
6.095160140751597622e-01
6.095225368903778307e-01
6.094648529145478832e-01
6.093499395122498052e-01
6.091883599816715344e-01
6.089933294085150273e-01
6.087796559319578193e-01
6.085626490720893456e-01
6.083570749537691169e-01
6.081762200785427730e-01
6.080311071196601302e-01
6.079298922239179115e-01
6.078774641245660026e-01
6.078752587611554459e-01
6.079212958855841897e-01
6.080104340905508886e-01
6.081348275455664698e-01
