3.599629119000625210e-01
3.599629119000625210e-01
3.599629119000625210e-01
3.599629119000624100e-01
3.599629119000625210e-01
3.599629119000624100e-01
3.599629119000624100e-01
3.599629119000624100e-01
3.599629119000624100e-01
3.599629119000624100e-01
3.599629119000624100e-01
3.599629119000624100e-01
3.599629119000624100e-01
3.599629119000624100e-01
3.599629119000625210e-01
3.599629119000625210e-01
3.599629119000625210e-01
3.599629119000625210e-01
3.599629119000625210e-01
3.599629119000624100e-01
3.599629119000625210e-01
3.599629119000624100e-01
3.599629119000625210e-01
3.599629119000624100e-01
3.599629119000624100e-01
3.599629119000624100e-01
3.599629119000624100e-01
3.599629119000624100e-01
3.599629119000624100e-01
3.599629119000625210e-01
3.599629119000624100e-01
3.599629119000624100e-01
3.599629119000624100e-01
3.599629119000625210e-01
3.599629119000625210e-01
3.599629119000625210e-01
3.599629119000625210e-01
3.599629119000625210e-01
3.599629119000625210e-01
3.599629119000625210e-01
3.599629119000625210e-01
3.599629119000625210e-01
3.599629119000624100e-01
3.599629119000624100e-01
3.599629119000624100e-01
3.599629119000624100e-01
3.599629119000624100e-01
3.599629119000624100e-01
3.599629119000624100e-01
3.599629119000624100e-01
3.599629119000624100e-01
3.599629119000625210e-01
3.599629119000624100e-01
3.599629119000624100e-01
3.599629119000624100e-01
3.599629119000624100e-01
3.599629119000624100e-01
3.599629119000624100e-01
3.599629119000624100e-01
3.599629119000624100e-01
3.599629119000624100e-01
3.599629119000624100e-01
3.599629119000624100e-01
3.599629119000624100e-01
3.599629119000624100e-01
3.599629119000624100e-01
3.599629119000624100e-01
3.599629119000624100e-01
3.599629119000624100e-01
3.599629119000624100e-01
3.599629119000624100e-01
3.599629119000624100e-01
3.599629119000624100e-01
3.599629119000624100e-01
3.599629119000624100e-01
3.599629119000624100e-01
3.599629119000624100e-01
3.599629119000624100e-01
3.599629119000624100e-01
3.599629119000624100e-01
3.599629119000625210e-01
3.599629119000624100e-01
3.599629119000624100e-01
3.599629119000624100e-01
3.599629119000624100e-01
3.599629119000624100e-01
3.599629119000624100e-01
3.599629119000625210e-01
3.599629119000624100e-01
3.599629119000624100e-01
3.599629119000624100e-01
3.599629119000624100e-01
3.599629119000624100e-01
3.599629119000624100e-01
3.599629119000624100e-01
3.599629119000624100e-01
3.599629119000624100e-01
3.599629119000625210e-01
3.599629119000625210e-01
3.599629119000624100e-01
