4.435305652155100420e-01
4.435305652155100420e-01
4.435305652155100420e-01
4.435305652155100420e-01
4.435305652155100420e-01
4.435305652155100420e-01
4.435305652155100420e-01
4.435305652155100420e-01
4.435305652155100420e-01
4.435305652155100420e-01
4.435305652155100420e-01
4.435305652155100420e-01
4.435305652155100420e-01
4.435305652155100420e-01
4.435305652155100420e-01
4.435305652155100420e-01
4.435305652155100420e-01
4.435305652155100420e-01
4.435305652155100420e-01
4.435305652155100420e-01
4.435305652155100420e-01
4.435305652155100420e-01
4.435305652155100420e-01
4.435305652155100420e-01
4.435305652155100420e-01
4.435305652155100420e-01
4.435305652155100420e-01
4.435305652155100420e-01
4.435305652155100420e-01
4.435305652155100420e-01
4.435305652155100420e-01
4.435305652155100420e-01
4.435305652155100420e-01
4.435305652155100420e-01
4.435305652155100420e-01
4.435305652155100420e-01
4.435305652155100420e-01
4.435305652155100420e-01
4.435305652155101530e-01
4.435305652155100420e-01
4.435305652155101530e-01
4.435305652155101530e-01
4.435305652155100420e-01
4.435305652155100420e-01
4.435305652155100420e-01
4.435305652155100420e-01
4.435305652155100420e-01
4.435305652155100420e-01
4.435305652155100420e-01
4.435305652155100420e-01
4.435305652155100420e-01
4.435305652155100420e-01
4.435305652155100420e-01
4.435305652155100420e-01
4.435305652155100420e-01
4.435305652155100420e-01
4.435305652155100420e-01
4.435305652155100420e-01
4.435305652155100420e-01
4.435305652155100420e-01
4.435305652155100420e-01
4.435305652155100420e-01
4.435305652155100420e-01
4.435305652155100420e-01
4.435305652155100420e-01
4.435305652155100420e-01
4.435305652155100420e-01
4.435305652155100420e-01
4.435305652155100420e-01
4.435305652155100420e-01
4.435305652155100420e-01
4.435305652155100420e-01
4.435305652155100420e-01
4.435305652155100420e-01
4.435305652155100420e-01
4.435305652155100420e-01
4.435305652155100420e-01
4.435305652155100420e-01
4.435305652155100420e-01
4.435305652155100420e-01
4.435305652155100420e-01
4.435305652155100420e-01
4.435305652155100420e-01
4.435305652155100420e-01
4.435305652155100420e-01
4.435305652155100420e-01
4.435305652155100420e-01
4.435305652155100420e-01
4.435305652155100420e-01
4.435305652155100420e-01
4.435305652155100420e-01
4.435305652155100420e-01
4.435305652155100420e-01
4.435305652155100420e-01
4.435305652155100420e-01
4.435305652155100420e-01
4.435305652155100420e-01
4.435305652155100420e-01
4.435305652155100420e-01
4.435305652155100420e-01
