4.375502170699638316e-01
4.375503668445469008e-01
4.375515683839231729e-01
4.375534818099972578e-01
4.375556432760463466e-01
4.375575734749553858e-01
4.375588796738034691e-01
4.375593314280852852e-01
4.375588970475608463e-01
4.375577361057422787e-01
4.375561519788311315e-01
4.375545165061932584e-01
4.375531846765330912e-01
4.375524189411866272e-01
4.375523395208565924e-01
4.375529098137028727e-01
4.375539570626363894e-01
4.375552204636261044e-01
4.375564137974605194e-01
4.375572880946190790e-01
4.375576813960552203e-01
4.375575464513413726e-01
4.375569522594893179e-01
4.375560608557322873e-01
4.375550857997136944e-01
4.375542424471794978e-01
4.375537014068374142e-01
4.375535552062985722e-01
4.375538045010085031e-01
4.375543652413377838e-01
4.375550934321532637e-01
4.375558206247293080e-01
4.375563916841385126e-01
4.375566967168846855e-01
4.375566909637935709e-01
4.375563994121060007e-01
4.375559062479833505e-01
4.375553324279712331e-01
4.375548069843318566e-01
4.375544387025013249e-01
4.375542943008861596e-01
4.375543873709211162e-01
4.375546796261599591e-01
4.375550931802403842e-01
4.375555302986220418e-01
4.375558957940977045e-01
4.375561171089923374e-01
4.375561580327356204e-01
4.375560236513771906e-01
4.375557561332462653e-01
4.375554229099059556e-01
4.375551003246356263e-01
4.375548565907731446e-01
4.375547377881507383e-01
4.375547596939600714e-01
4.375549067576727236e-01
4.375551378716495687e-01
4.375553971513035934e-01
4.375556270178031504e-01
4.375557806159088292e-01
4.375558309846396265e-01
4.375557752871027661e-01
4.375556335754337556e-01
4.375554427609053554e-01
4.375552474317713769e-01
4.375550897203440148e-01
4.375550004677921656e-01
4.375549934890470838e-01
4.375550639321877933e-01
4.375551907639836924e-01
4.375553425225637838e-01
4.375554848483297898e-01
4.375555880465317737e-01
4.375556330689046591e-01
4.375556147639823035e-01
4.375555419129302237e-01
4.375554342864727553e-01
4.375553175756394797e-01
4.375552174411814765e-01
4.375551540239295822e-01
4.375551380589580708e-01
4.375551693040971024e-01
4.375552374401469047e-01
4.375553250568393615e-01
4.375554119225210092e-01
4.375554795252845630e-01
4.375555148956876139e-01
4.375555129515860675e-01
4.375554769785545139e-01
4.375554172856236934e-01
4.375553484621605982e-01
4.375552859287927254e-01
4.375552425745443119e-01
4.375552261940895415e-01
4.375552382128108930e-01
4.375552738732793601e-01
4.375553237298248077e-01
4.375553760297792305e-01
4.375554194035606304e-01
4.375554452651597148e-01
