5.208191735869081018e-01
5.208191735869057704e-01
5.208191735869042160e-01
5.208191735869032168e-01
5.208191735869026617e-01
5.208191735869023287e-01
5.208191735869022176e-01
5.208191735869021066e-01
5.208191735869019956e-01
5.208191735869019956e-01
5.208191735869019956e-01
5.208191735869019956e-01
5.208191735869019956e-01
5.208191735869019956e-01
5.208191735869019956e-01
5.208191735869019956e-01
5.208191735869019956e-01
5.208191735869019956e-01
5.208191735869019956e-01
5.208191735869019956e-01
5.208191735869019956e-01
5.208191735869019956e-01
5.208191735869019956e-01
5.208191735869019956e-01
5.208191735869019956e-01
5.208191735869019956e-01
5.208191735869019956e-01
5.208191735869019956e-01
5.208191735869019956e-01
5.208191735869019956e-01
5.208191735869019956e-01
5.208191735869019956e-01
5.208191735869019956e-01
5.208191735869019956e-01
5.208191735869019956e-01
5.208191735869019956e-01
5.208191735869019956e-01
5.208191735869019956e-01
5.208191735869019956e-01
5.208191735869019956e-01
5.208191735869019956e-01
5.208191735869019956e-01
5.208191735869019956e-01
5.208191735869019956e-01
5.208191735869019956e-01
5.208191735869019956e-01
5.208191735869019956e-01
5.208191735869019956e-01
5.208191735869019956e-01
5.208191735869019956e-01
5.208191735869019956e-01
5.208191735869019956e-01
5.208191735869019956e-01
5.208191735869019956e-01
5.208191735869019956e-01
5.208191735869019956e-01
5.208191735869019956e-01
5.208191735869019956e-01
5.208191735869019956e-01
5.208191735869019956e-01
5.208191735869019956e-01
5.208191735869019956e-01
5.208191735869019956e-01
5.208191735869019956e-01
5.208191735869019956e-01
5.208191735869019956e-01
5.208191735869019956e-01
5.208191735869019956e-01
5.208191735869019956e-01
5.208191735869019956e-01
5.208191735869019956e-01
5.208191735869019956e-01
5.208191735869019956e-01
5.208191735869019956e-01
5.208191735869019956e-01
5.208191735869019956e-01
5.208191735869019956e-01
5.208191735869019956e-01
5.208191735869019956e-01
5.208191735869019956e-01
5.208191735869019956e-01
5.208191735869019956e-01
5.208191735869019956e-01
5.208191735869019956e-01
5.208191735869019956e-01
5.208191735869019956e-01
5.208191735869019956e-01
5.208191735869019956e-01
5.208191735869019956e-01
5.208191735869019956e-01
5.208191735869019956e-01
5.208191735869019956e-01
5.208191735869019956e-01
5.208191735869019956e-01
5.208191735869019956e-01
5.208191735869019956e-01
5.208191735869019956e-01
5.208191735869019956e-01
5.208191735869019956e-01
5.208191735869019956e-01
