4.064412254646007083e-01
4.064412254646831979e-01
4.064412254647677414e-01
4.064412254648483436e-01
4.064412254649208966e-01
4.064412254649835132e-01
4.064412254650355827e-01
4.064412254650769940e-01
4.064412254651089129e-01
4.064412254651323386e-01
4.064412254651485479e-01
4.064412254651589840e-01
4.064412254651649237e-01
4.064412254651675327e-01
4.064412254651677547e-01
4.064412254651663114e-01
4.064412254651639245e-01
4.064412254651611489e-01
4.064412254651582068e-01
4.064412254651553758e-01
4.064412254651527667e-01
4.064412254651506018e-01
4.064412254651487699e-01
4.064412254651472711e-01
4.064412254651461054e-01
4.064412254651452172e-01
4.064412254651445511e-01
4.064412254651442735e-01
4.064412254651439960e-01
4.064412254651439960e-01
4.064412254651439960e-01
4.064412254651440515e-01
4.064412254651440515e-01
4.064412254651442180e-01
4.064412254651443290e-01
4.064412254651444401e-01
4.064412254651444956e-01
4.064412254651445511e-01
4.064412254651446621e-01
4.064412254651447176e-01
4.064412254651447731e-01
4.064412254651447731e-01
4.064412254651448841e-01
4.064412254651448841e-01
4.064412254651448841e-01
4.064412254651449397e-01
4.064412254651447731e-01
4.064412254651447731e-01
4.064412254651447731e-01
4.064412254651449397e-01
4.064412254651449397e-01
4.064412254651449397e-01
4.064412254651449397e-01
4.064412254651449397e-01
4.064412254651449397e-01
4.064412254651449397e-01
4.064412254651448841e-01
4.064412254651449397e-01
4.064412254651447731e-01
4.064412254651449397e-01
4.064412254651449397e-01
4.064412254651449397e-01
4.064412254651449397e-01
4.064412254651449397e-01
4.064412254651449397e-01
4.064412254651448841e-01
4.064412254651449397e-01
4.064412254651449397e-01
4.064412254651447731e-01
4.064412254651449397e-01
4.064412254651447731e-01
4.064412254651449397e-01
4.064412254651449397e-01
4.064412254651449397e-01
4.064412254651449397e-01
4.064412254651448841e-01
4.064412254651448841e-01
4.064412254651449397e-01
4.064412254651449397e-01
4.064412254651449397e-01
4.064412254651449397e-01
4.064412254651449397e-01
4.064412254651449397e-01
4.064412254651447731e-01
4.064412254651449397e-01
4.064412254651449397e-01
4.064412254651449397e-01
4.064412254651449397e-01
4.064412254651449397e-01
4.064412254651449397e-01
4.064412254651448841e-01
4.064412254651448841e-01
4.064412254651448841e-01
4.064412254651447731e-01
4.064412254651447731e-01
4.064412254651447731e-01
4.064412254651447731e-01
4.064412254651447731e-01
4.064412254651447731e-01
4.064412254651447731e-01
