3.978258715037752413e-01
3.978370133166735378e-01
3.978463412826112044e-01
3.978531788665844449e-01
3.978569197507201838e-01
3.978571017916303076e-01
3.978534882360463820e-01
3.978461410520901520e-01
3.978354683358608090e-01
3.978222291031126012e-01
3.978074853746800255e-01
3.977925025388907576e-01
3.977786116601134125e-01
3.977670575088357308e-01
3.977588598380754625e-01
3.977547113150569080e-01
3.977549251289809740e-01
3.977594325728071589e-01
3.977678202456702561e-01
3.977793909633717262e-01
3.977932327426428327e-01
3.978082850664930725e-01
3.978233986680718703e-01
3.978373917619766331e-01
3.978491099387599372e-01
3.978574974864013125e-01
3.978616842321409108e-01
3.978610846371274379e-01
3.978554965510855967e-01
3.978451786872020945e-01
3.978308821684539698e-01
3.978138155604509785e-01
3.977955355069645038e-01
3.977777736588404833e-01
3.977622288661813443e-01
3.977503643766092112e-01
3.977432483638972394e-01
3.977414629508486676e-01
3.977450873996919989e-01
3.977537428267539088e-01
3.977666746347673921e-01
3.977828471064313032e-01
3.978010308497714753e-01
3.978198744754196658e-01
3.978379630721370908e-01
3.978538744882063605e-01
3.978662479342057190e-01
3.978738768479476717e-01
3.978758292656885964e-01
3.978715855521880451e-01
3.978611685998398872e-01
3.978452307474809602e-01
3.978250606107582854e-01
3.978024857355110244e-01
3.977796723834287618e-01
3.977588541562555591e-01
3.977420445382453540e-01
3.977307942471741131e-01
3.977260395507541402e-01
3.977280589395885135e-01
3.977365249837015448e-01
3.977506171259199697e-01
3.977691549646980018e-01
3.977907189758601580e-01
3.978137412320567057e-01
3.978365662799763225e-01
3.978574969472118417e-01
3.978748482307497558e-01
3.978870326899727750e-01
3.978926921000714434e-01
3.978908730729727172e-01
3.978812218552555957e-01
3.978641518297073576e-01
3.978409255919269083e-01
3.978136010217592222e-01
3.977848211937558554e-01
3.977574743013752578e-01
3.977342943345065773e-01
3.977174954530425244e-01
3.977085213977073486e-01
3.977079511908319653e-01
3.977155526370605987e-01
3.977304365387779872e-01
3.977512490444307658e-01
3.977763470084362818e-01
3.978039234129496227e-01
3.978320766695296884e-01
3.978588411576826078e-01
3.978822120702214526e-01
3.979002030941619084e-01
3.979109691451229169e-01
3.979130075184001414e-01
3.979054207386136244e-01
3.978881888320264792e-01
3.978623695050292342e-01
3.978301378174130543e-01
3.977946054083605354e-01
3.977594223649417171e-01
3.977282410926381573e-01
3.977041757949384970e-01
