6.865766357404942122e-01
6.865766357404943232e-01
6.865766357404943232e-01
6.865766357404943232e-01
6.865766357404943232e-01
6.865766357404944342e-01
6.865766357404943232e-01
6.865766357404943232e-01
6.865766357404943232e-01
6.865766357404943232e-01
6.865766357404943232e-01
6.865766357404943232e-01
6.865766357404943232e-01
6.865766357404943232e-01
6.865766357404943232e-01
6.865766357404943232e-01
6.865766357404943232e-01
6.865766357404943232e-01
6.865766357404943232e-01
6.865766357404943232e-01
6.865766357404943232e-01
6.865766357404943232e-01
6.865766357404943232e-01
6.865766357404943232e-01
6.865766357404943232e-01
6.865766357404943232e-01
6.865766357404943232e-01
6.865766357404943232e-01
6.865766357404943232e-01
6.865766357404943232e-01
6.865766357404943232e-01
6.865766357404943232e-01
6.865766357404943232e-01
6.865766357404943232e-01
6.865766357404943232e-01
6.865766357404943232e-01
6.865766357404943232e-01
6.865766357404943232e-01
6.865766357404943232e-01
6.865766357404943232e-01
6.865766357404944342e-01
6.865766357404943232e-01
6.865766357404943232e-01
6.865766357404943232e-01
6.865766357404943232e-01
6.865766357404943232e-01
6.865766357404943232e-01
6.865766357404943232e-01
6.865766357404943232e-01
6.865766357404943232e-01
6.865766357404943232e-01
6.865766357404943232e-01
6.865766357404943232e-01
6.865766357404943232e-01
6.865766357404943232e-01
6.865766357404943232e-01
6.865766357404943232e-01
6.865766357404943232e-01
6.865766357404943232e-01
6.865766357404943232e-01
6.865766357404943232e-01
6.865766357404943232e-01
6.865766357404943232e-01
6.865766357404943232e-01
6.865766357404943232e-01
6.865766357404943232e-01
6.865766357404943232e-01
6.865766357404943232e-01
6.865766357404943232e-01
6.865766357404943232e-01
6.865766357404943232e-01
6.865766357404943232e-01
6.865766357404943232e-01
6.865766357404943232e-01
6.865766357404943232e-01
6.865766357404943232e-01
6.865766357404943232e-01
6.865766357404943232e-01
6.865766357404943232e-01
6.865766357404943232e-01
6.865766357404943232e-01
6.865766357404943232e-01
6.865766357404943232e-01
6.865766357404943232e-01
6.865766357404943232e-01
6.865766357404943232e-01
6.865766357404943232e-01
6.865766357404943232e-01
6.865766357404943232e-01
6.865766357404943232e-01
6.865766357404943232e-01
6.865766357404943232e-01
6.865766357404943232e-01
6.865766357404943232e-01
6.865766357404943232e-01
6.865766357404943232e-01
6.865766357404943232e-01
6.865766357404943232e-01
6.865766357404943232e-01
6.865766357404943232e-01
