4.650750811332271528e-01
4.627102420460089682e-01
4.593229834802697864e-01
4.567201202953152794e-01
4.560793477874846569e-01
4.569149110569371564e-01
4.587881954972506393e-01
4.610003982489460084e-01
4.631247470100197661e-01
4.649637414677280645e-01
4.657020935014305474e-01
4.645814168258929344e-01
4.618304602685996407e-01
4.584369900593194824e-01
4.563613910952897257e-01
4.561810816365954313e-01
4.573502083200408630e-01
4.593931069465377881e-01
4.615957406246374295e-01
4.636790215366017875e-01
4.653224143440784499e-01
4.655860145434400077e-01
4.639625388893171554e-01
4.608902862921329113e-01
4.576623655686390957e-01
4.561506443013081946e-01
4.563821852469824858e-01
4.578541425386122299e-01
4.600051108596991400e-01
4.621825173487566496e-01
4.642061198156686164e-01
4.655742581883891562e-01
4.653210029431800177e-01
4.632317928856380385e-01
4.599288032950164529e-01
4.570359917407819106e-01
4.560699043119895713e-01
4.566778053772963530e-01
4.584107905357583390e-01
4.606134765158723110e-01
4.627598225839655854e-01
4.646880829575729677e-01
4.656978211311780247e-01
4.649137320064394840e-01
4.624045279067386938e-01
4.589964296020948575e-01
4.565738134388727665e-01
4.561039133636031195e-01
4.570617107402705215e-01
4.590026442600310674e-01
4.612141546105272272e-01
4.633251161094987802e-01
4.651027126873613637e-01
4.656778794656967202e-01
4.643739452893796416e-01
4.614996417586135768e-01
4.581450557546532520e-01
4.562700214204228333e-01
4.562418313715844165e-01
4.575232407736026241e-01
4.596117601042228884e-01
4.618064916450029811e-01
4.638713595065416806e-01
4.654259093123064850e-01
4.655081494154058031e-01
4.637134244835022789e-01
4.605465877727991098e-01
4.574201023594189897e-01
4.561077323601560596e-01
4.564772447501424524e-01
4.580479369293448122e-01
4.602233146858624169e-01
4.623900330440584572e-01
4.643846656090042102e-01
4.656341140049395366e-01
4.651912968273160254e-01
4.629463247763928035e-01
4.595894347917451328e-01
4.568518476954744334e-01
4.560695483062289224e-01
4.568053415135654993e-01
4.586192469142993944e-01
4.608291288368924210e-01
4.629634945313079175e-01
4.648452526974249932e-01
4.657077073686396451e-01
4.647354479823004314e-01
4.620887784353410188e-01
4.586802441571607436e-01
4.564478125678946840e-01
4.561416932585940498e-01
4.572184567536879407e-01
4.592192683508828921e-01
4.614268484924890501e-01
4.635231227785412411e-01
4.652300024552651347e-01
4.656344421355161356e-01
4.641510233979073696e-01
4.611625132741289934e-01
4.578694079975324516e-01
