6.362836998831945534e-01
6.362836998831944424e-01
6.362836998831944424e-01
6.362836998831945534e-01
6.362836998831945534e-01
6.362836998831945534e-01
6.362836998831945534e-01
6.362836998831944424e-01
6.362836998831945534e-01
6.362836998831945534e-01
6.362836998831945534e-01
6.362836998831945534e-01
6.362836998831944424e-01
6.362836998831944424e-01
6.362836998831945534e-01
6.362836998831945534e-01
6.362836998831945534e-01
6.362836998831945534e-01
6.362836998831945534e-01
6.362836998831944424e-01
6.362836998831945534e-01
6.362836998831945534e-01
6.362836998831945534e-01
6.362836998831945534e-01
6.362836998831945534e-01
6.362836998831944424e-01
6.362836998831944424e-01
6.362836998831945534e-01
6.362836998831945534e-01
6.362836998831945534e-01
6.362836998831945534e-01
6.362836998831944424e-01
6.362836998831945534e-01
6.362836998831944424e-01
6.362836998831945534e-01
6.362836998831944424e-01
6.362836998831945534e-01
6.362836998831945534e-01
6.362836998831945534e-01
6.362836998831945534e-01
6.362836998831945534e-01
6.362836998831945534e-01
6.362836998831944424e-01
6.362836998831944424e-01
6.362836998831945534e-01
6.362836998831944424e-01
6.362836998831944424e-01
6.362836998831945534e-01
6.362836998831945534e-01
6.362836998831945534e-01
6.362836998831945534e-01
6.362836998831945534e-01
6.362836998831945534e-01
6.362836998831945534e-01
6.362836998831944424e-01
6.362836998831944424e-01
6.362836998831944424e-01
6.362836998831944424e-01
6.362836998831945534e-01
6.362836998831944424e-01
6.362836998831944424e-01
6.362836998831944424e-01
6.362836998831944424e-01
6.362836998831944424e-01
6.362836998831945534e-01
6.362836998831945534e-01
6.362836998831944424e-01
6.362836998831944424e-01
6.362836998831945534e-01
6.362836998831945534e-01
6.362836998831945534e-01
6.362836998831944424e-01
6.362836998831945534e-01
6.362836998831945534e-01
6.362836998831945534e-01
6.362836998831945534e-01
6.362836998831945534e-01
6.362836998831944424e-01
6.362836998831945534e-01
6.362836998831945534e-01
6.362836998831945534e-01
6.362836998831945534e-01
6.362836998831944424e-01
6.362836998831945534e-01
6.362836998831945534e-01
6.362836998831944424e-01
6.362836998831945534e-01
6.362836998831944424e-01
6.362836998831945534e-01
6.362836998831945534e-01
6.362836998831944424e-01
6.362836998831944424e-01
6.362836998831945534e-01
6.362836998831945534e-01
6.362836998831944424e-01
6.362836998831945534e-01
6.362836998831944424e-01
6.362836998831944424e-01
6.362836998831944424e-01
6.362836998831945534e-01
