5.827408676132611598e-01
5.827446322119599342e-01
5.827484835054559387e-01
5.827524300291472281e-01
5.827564810247435334e-01
5.827606465342086706e-01
5.827649375073470361e-01
5.827693659255269720e-01
5.827739449445399345e-01
5.827786890602421055e-01
5.827836143014051284e-01
5.827887384552145056e-01
5.827940813320980906e-01
5.827996650781611665e-01
5.828055145455320885e-01
5.828116577335195059e-01
5.828181263168413784e-01
5.828249562815472906e-01
5.828321886949818786e-01
5.828398706436787036e-01
5.828480563831459627e-01
5.828568087570107359e-01
5.828662009613267969e-01
5.828763187549751423e-01
5.828872632518770081e-01
5.828991544795000257e-01
5.829121359572917438e-01
5.829263806481014276e-01
5.829420987806089860e-01
5.829595482554787989e-01
5.829790486712446151e-01
5.830010005017380870e-01
5.830259117324931850e-01
5.830544355036565429e-01
5.830874243378145749e-01
5.831260099466349933e-01
5.831717235267188659e-01
5.832266820495249915e-01
5.832938857455515214e-01
5.833777101952929423e-01
5.834847543240238021e-01
5.836253737650177742e-01
5.838166179511524723e-01
5.840882666543968371e-01
5.844963818923132326e-01
5.851573269633117969e-01
5.863443221394826210e-01
5.887398729432004041e-01
5.933096242397585263e-01
6.006154218727846050e-01
6.086617962388928271e-01
6.074995799475265690e-01
6.062869778635033846e-01
6.061179419543623048e-01
6.061176619358391582e-01
6.061215799289788597e-01
6.061167610735128664e-01
6.061087943718521664e-01
6.061016471462404853e-01
6.060964259847700930e-01
6.060929363285237903e-01
6.060906829738078594e-01
6.060892345687270977e-01
6.060882928149972093e-01
6.060876692421309775e-01
6.060872485268060661e-01
6.060869600885593345e-01
6.060867599148628271e-01
6.060866198075821609e-01
6.060865211917211282e-01
6.060864515361019667e-01
6.060864022321660327e-01
6.060863672909337918e-01
6.060863425114531022e-01
6.060863249319503598e-01
6.060863124580038175e-01
6.060863036059961351e-01
6.060862973239938833e-01
6.060862928657715365e-01
6.060862897018367557e-01
6.060862874564388880e-01
6.060862858629160188e-01
6.060862847320205304e-01
6.060862839294449689e-01
6.060862833598729127e-01
6.060862829556588061e-01
6.060862826687966054e-01
6.060862824652162306e-01
6.060862823207396888e-01
6.060862822182075949e-01
6.060862821454426896e-01
6.060862820938031081e-01
6.060862820571555343e-01
6.060862820311473387e-01
6.060862820126901029e-01
6.060862819995913586e-01
6.060862819902953502e-01
6.060862819836981830e-01
6.060862819790163725e-01
6.060862819756939190e-01
