2.975065961562927686e-01
2.975065961563065353e-01
2.975065961563183037e-01
2.975065961563275185e-01
2.975065961563337913e-01
2.975065961563376216e-01
2.975065961563393424e-01
2.975065961563395645e-01
2.975065961563389538e-01
2.975065961563379546e-01
2.975065961563367889e-01
2.975065961563355676e-01
2.975065961563346795e-01
2.975065961563340133e-01
2.975065961563335692e-01
2.975065961563333472e-01
2.975065961563333472e-01
2.975065961563333472e-01
2.975065961563333472e-01
2.975065961563334582e-01
2.975065961563335692e-01
2.975065961563336248e-01
2.975065961563337358e-01
2.975065961563337913e-01
2.975065961563338468e-01
2.975065961563338468e-01
2.975065961563338468e-01
2.975065961563338468e-01
2.975065961563338468e-01
2.975065961563337913e-01
2.975065961563338468e-01
2.975065961563337913e-01
2.975065961563338468e-01
2.975065961563337358e-01
2.975065961563337913e-01
2.975065961563337358e-01
2.975065961563337358e-01
2.975065961563337913e-01
2.975065961563338468e-01
2.975065961563337358e-01
2.975065961563337913e-01
2.975065961563337358e-01
2.975065961563337913e-01
2.975065961563337913e-01
2.975065961563337913e-01
2.975065961563337913e-01
2.975065961563337358e-01
2.975065961563337913e-01
2.975065961563338468e-01
2.975065961563337358e-01
2.975065961563338468e-01
2.975065961563337913e-01
2.975065961563337913e-01
2.975065961563337913e-01
2.975065961563337358e-01
2.975065961563337913e-01
2.975065961563338468e-01
2.975065961563337913e-01
2.975065961563337358e-01
2.975065961563337358e-01
2.975065961563338468e-01
2.975065961563337913e-01
2.975065961563338468e-01
2.975065961563338468e-01
2.975065961563338468e-01
2.975065961563338468e-01
2.975065961563337913e-01
2.975065961563337913e-01
2.975065961563337358e-01
2.975065961563337358e-01
2.975065961563337913e-01
2.975065961563338468e-01
2.975065961563337913e-01
2.975065961563338468e-01
2.975065961563337358e-01
2.975065961563337913e-01
2.975065961563338468e-01
2.975065961563337913e-01
2.975065961563337913e-01
2.975065961563338468e-01
2.975065961563337913e-01
2.975065961563338468e-01
2.975065961563338468e-01
2.975065961563338468e-01
2.975065961563337913e-01
2.975065961563338468e-01
2.975065961563338468e-01
2.975065961563337913e-01
2.975065961563337358e-01
2.975065961563337358e-01
2.975065961563338468e-01
2.975065961563337358e-01
2.975065961563338468e-01
2.975065961563338468e-01
2.975065961563337913e-01
2.975065961563338468e-01
2.975065961563338468e-01
2.975065961563338468e-01
2.975065961563338468e-01
2.975065961563337913e-01
