3.603629160171653578e-01
3.564797569564990276e-01
3.528711515175473878e-01
3.495203410963206858e-01
3.464073122144645245e-01
3.435081409024762777e-01
3.407945683162308947e-01
3.382345709563817637e-01
3.357938729318266091e-01
3.334379198465189376e-01
3.311338010978004398e-01
3.288518184998511784e-01
3.265666537169220618e-01
3.242582498215901832e-01
3.219125545576172476e-01
3.195221968166367943e-01
3.170870274243146603e-01
3.146143049742435305e-01
3.121182206037477203e-01
3.096185207234815051e-01
3.071382530992705084e-01
3.047010455351129021e-01
3.023285892883772474e-01
3.000389175382760509e-01
2.978456756981908704e-01
2.957581654195991505e-01
2.937817702609782922e-01
2.919184537277161318e-01
2.901672001464407624e-01
2.885244017399209437e-01
2.869842392294522093e-01
2.855390868443209995e-01
2.841799384675909312e-01
2.828968268652913842e-01
2.816792004432276397e-01
2.805162280639416084e-01
2.793970150082546455e-01
2.783107264769543732e-01
2.772466263445966250e-01
2.761940479599513387e-01
2.751423218407588189e-01
2.740806938282771554e-01
2.729982782789006079e-01
2.718841057824191720e-01
2.707273465175615845e-01
2.695178265582566790e-01
2.682470268875468689e-01
2.669099115734970273e-01
2.655082399342597599e-01
2.640564392392732995e-01
2.625910495191535743e-01
2.611823501287390825e-01
2.599402167666617358e-01
2.590009397315766737e-01
2.584930657041960012e-01
2.585052072597088246e-01
2.590791864666714961e-01
2.602195497556952786e-01
2.618910857258110458e-01
2.639990565217670837e-01
2.663843110265664005e-01
2.688158115645751245e-01
2.708143079774359419e-01
2.714268263032040829e-01
2.698427081292331109e-01
2.659342239415700693e-01
2.600612752663741256e-01
2.535096717309743841e-01
2.481994698775573660e-01
2.437064607477190670e-01
2.387815341655915302e-01
2.331451307891290736e-01
2.269609897693131706e-01
2.203408193489409528e-01
2.136330475479085445e-01
2.072657597184774103e-01
2.011571340118809281e-01
1.950128020173022281e-01
1.887080550712766369e-01
1.824506816791838237e-01
1.769406558081113856e-01
1.735370340334908001e-01
1.724074060990055668e-01
1.709621415357994167e-01
1.681302572655286875e-01
1.643335212504597187e-01
1.601604030898886033e-01
1.559965666977159715e-01
1.520551145212060973e-01
1.484698826065917743e-01
1.452949439221529193e-01
1.425041352441352993e-01
1.400101501928563141e-01
1.376931510738113318e-01
1.354261751830194982e-01
1.330914287885751890e-01
1.305909521123208294e-01
1.278622874025134859e-01
1.249109222921521017e-01
1.218573281799825297e-01
