4.215168968049521903e-01
4.215286948617316676e-01
4.222181408630381605e-01
4.239103787746380525e-01
4.268859519271895886e-01
4.302119655420447164e-01
4.302989125756381261e-01
4.249402652483905696e-01
4.215171145693198951e-01
4.215285608406477147e-01
4.222177858940898698e-01
4.239096431126013198e-01
4.268848571140138604e-01
4.302112112939334154e-01
4.302998787043330053e-01
4.249422302974159016e-01
4.215173358403105919e-01
4.215284249203473665e-01
4.222174258740467034e-01
4.239088968914134781e-01
4.268837464369671930e-01
4.302104457332158738e-01
4.303008582163407869e-01
4.249442242849487128e-01
4.215175606758291837e-01
4.215282870687550587e-01
4.222170607259041475e-01
4.239081399522610094e-01
4.268826196565151387e-01
4.302096686820127691e-01
4.303018513029003289e-01
4.249462476657521193e-01
4.215177891424121137e-01
4.215281472595291956e-01
4.222166903756653378e-01
4.239073721355496316e-01
4.268814765271998213e-01
4.302088799534102836e-01
4.303028581529229069e-01
4.249483009024736524e-01
4.215180213066075932e-01
4.215280054638210760e-01
4.222163147462906774e-01
4.239065932776399093e-01
4.268803167986710001e-01
4.302080793570182138e-01
4.303038789580936330e-01
4.249503844654717866e-01
4.215182572363345148e-01
4.215278616524617550e-01
4.222159337597162776e-01
4.239058032124805031e-01
4.268791402166959847e-01
4.302072666992426964e-01
4.303049139128788392e-01
4.249524988332654130e-01
4.215184970010529830e-01
4.215277157959118615e-01
4.222155473367253387e-01
4.239050017713991703e-01
4.268779465228425551e-01
4.302064417829097875e-01
4.303059632143405033e-01
4.249546444926466382e-01
4.215187406717200713e-01
4.215275678641689505e-01
4.222151553968613857e-01
4.239041887830157229e-01
4.268767354544009685e-01
4.302056044072318786e-01
4.303070270622047500e-01
4.249568219388327739e-01
4.215189883208367849e-01
4.215274178267778282e-01
4.222147578584256045e-01
4.239033640732118857e-01
4.268755067443205098e-01
4.302047543677406383e-01
4.303081056588933806e-01
4.249590316756279851e-01
4.215192400224904157e-01
4.215272656528253337e-01
4.222143546384586887e-01
4.239025274650850550e-01
4.268742601211302223e-01
4.302038914562060778e-01
4.303091992095501306e-01
4.249612742155868816e-01
4.215194958523938995e-01
4.215271113109321233e-01
4.222139456527188583e-01
4.239016787789001151e-01
4.268729953088596929e-01
4.302030154605603895e-01
4.303103079220703120e-01
4.249635500801801635e-01
4.215197558879285045e-01
4.215269547692468977e-01
4.222135308156636513e-01
4.239008178320445297e-01
