2.846615332836429646e-01
2.846615332442699042e-01
2.846615332095493445e-01
2.846615331789313919e-01
2.846615331519314895e-01
2.846615331281219796e-01
2.846615331071259414e-01
2.846615330886108630e-01
2.846615330722834236e-01
2.846615330578854408e-01
2.846615330451887083e-01
2.846615330339923311e-01
2.846615330241188957e-01
2.846615330154121937e-01
2.846615330077342798e-01
2.846615330009636402e-01
2.846615329949930828e-01
2.846615329897279612e-01
2.846615329850851195e-01
2.846615329809908390e-01
2.846615329773803382e-01
2.846615329741964406e-01
2.846615329713888531e-01
2.846615329689129448e-01
2.846615329667295802e-01
2.846615329648042314e-01
2.846615329631064784e-01
2.846615329616092871e-01
2.846615329602888989e-01
2.846615329591246635e-01
2.846615329580978737e-01
2.846615329571924313e-01
2.846615329563940699e-01
2.846615329556899665e-01
2.846615329550690743e-01
2.846615329545216233e-01
2.846615329540388983e-01
2.846615329536131278e-01
2.846615329532376504e-01
2.846615329529065819e-01
2.846615329526145932e-01
2.846615329523570770e-01
2.846615329521300364e-01
2.846615329519298632e-01
2.846615329517533377e-01
2.846615329515976289e-01
2.846615329514603498e-01
2.846615329513392245e-01
2.846615329512324211e-01
2.846615329511383297e-01
2.846615329510553405e-01
2.846615329509821768e-01
2.846615329509175063e-01
2.846615329508604963e-01
2.846615329508103143e-01
2.846615329507661274e-01
2.846615329507271031e-01
2.846615329506925751e-01
2.846615329506622105e-01
2.846615329506355097e-01
2.846615329506118619e-01
2.846615329505909897e-01
2.846615329505726710e-01
2.846615329505565173e-01
2.846615329505421954e-01
2.846615329505296499e-01
2.846615329505185477e-01
2.846615329505087777e-01
2.846615329505001735e-01
2.846615329504925684e-01
2.846615329504858516e-01
2.846615329504799119e-01
2.846615329504746938e-01
2.846615329504701419e-01
2.846615329504660896e-01
2.846615329504624814e-01
2.846615329504593173e-01
2.846615329504565417e-01
2.846615329504540437e-01
2.846615329504518788e-01
2.846615329504500469e-01
2.846615329504484371e-01
2.846615329504468828e-01
2.846615329504456060e-01
2.846615329504443848e-01
2.846615329504433856e-01
2.846615329504424419e-01
2.846615329504416647e-01
2.846615329504408876e-01
2.846615329504402769e-01
2.846615329504396663e-01
2.846615329504391667e-01
2.846615329504388336e-01
2.846615329504384451e-01
2.846615329504381675e-01
2.846615329504378900e-01
2.846615329504375569e-01
2.846615329504372793e-01
2.846615329504370573e-01
2.846615329504369463e-01
