4.678961621231765289e-01
4.678961621231767509e-01
4.678961621231769175e-01
4.678961621231769730e-01
4.678961621231770285e-01
4.678961621231770285e-01
4.678961621231770285e-01
4.678961621231770285e-01
4.678961621231770285e-01
4.678961621231770285e-01
4.678961621231771395e-01
4.678961621231771395e-01
4.678961621231770285e-01
4.678961621231770285e-01
4.678961621231770285e-01
4.678961621231770285e-01
4.678961621231770285e-01
4.678961621231770285e-01
4.678961621231770285e-01
4.678961621231770285e-01
4.678961621231770285e-01
4.678961621231770285e-01
4.678961621231770285e-01
4.678961621231770285e-01
4.678961621231770285e-01
4.678961621231770285e-01
4.678961621231770285e-01
4.678961621231770285e-01
4.678961621231770285e-01
4.678961621231770285e-01
4.678961621231770285e-01
4.678961621231769730e-01
4.678961621231769730e-01
4.678961621231770285e-01
4.678961621231770285e-01
4.678961621231770285e-01
4.678961621231770285e-01
4.678961621231770285e-01
4.678961621231770285e-01
4.678961621231770285e-01
4.678961621231770285e-01
4.678961621231770285e-01
4.678961621231770285e-01
4.678961621231770285e-01
4.678961621231770285e-01
4.678961621231770285e-01
4.678961621231770285e-01
4.678961621231770285e-01
4.678961621231770285e-01
4.678961621231770285e-01
4.678961621231770285e-01
4.678961621231770285e-01
4.678961621231770285e-01
4.678961621231770285e-01
4.678961621231770285e-01
4.678961621231770285e-01
4.678961621231770285e-01
4.678961621231770285e-01
4.678961621231770285e-01
4.678961621231770285e-01
4.678961621231770285e-01
4.678961621231770285e-01
4.678961621231770285e-01
4.678961621231770285e-01
4.678961621231770285e-01
4.678961621231769730e-01
4.678961621231770285e-01
4.678961621231770285e-01
4.678961621231770285e-01
4.678961621231770285e-01
4.678961621231770285e-01
4.678961621231770285e-01
4.678961621231770285e-01
4.678961621231770285e-01
4.678961621231770285e-01
4.678961621231770285e-01
4.678961621231770285e-01
4.678961621231770285e-01
4.678961621231770285e-01
4.678961621231769730e-01
4.678961621231770285e-01
4.678961621231770285e-01
4.678961621231770285e-01
4.678961621231770285e-01
4.678961621231770285e-01
4.678961621231770285e-01
4.678961621231770285e-01
4.678961621231769730e-01
4.678961621231770285e-01
4.678961621231770285e-01
4.678961621231770285e-01
4.678961621231770285e-01
4.678961621231770285e-01
4.678961621231769730e-01
4.678961621231770285e-01
4.678961621231769730e-01
4.678961621231770285e-01
4.678961621231769730e-01
4.678961621231770285e-01
4.678961621231770285e-01
