4.383981114078547292e-01
4.457908718785162372e-01
4.507259642430538338e-01
4.517839485787388254e-01
4.520366952120767889e-01
4.520762840556956097e-01
4.524237541663185813e-01
4.534467197116193726e-01
4.550814600585142977e-01
4.565197666295801038e-01
4.572799657185568911e-01
4.580981252384332403e-01
4.596799697171410903e-01
4.595603709900312750e-01
4.555418138481039381e-01
4.474437495589563274e-01
4.405920086386649892e-01
4.401219748419702982e-01
4.387127501905679905e-01
4.362142844764640426e-01
4.348952151655092746e-01
4.356246119196287014e-01
4.383981054476385752e-01
4.457908636677601621e-01
4.507259621848863085e-01
4.517839476479790228e-01
4.520366945638382150e-01
4.520762839044089598e-01
4.524237544003550937e-01
4.534467200209147952e-01
4.550814602514640095e-01
4.565197666826171230e-01
4.572799657797045336e-01
4.580981254617331189e-01
4.596799700801391664e-01
4.595603703022665409e-01
4.555418131579480057e-01
4.474437476636148880e-01
4.405920082624807388e-01
4.401219748208833882e-01
4.387127497895829675e-01
4.362142841075695721e-01
4.348952151447896264e-01
4.356246121027698703e-01
4.383981063119571364e-01
4.457908648584413824e-01
4.507259624833509504e-01
4.517839477829526107e-01
4.520366946578422973e-01
4.520762839263479105e-01
4.524237543664167971e-01
4.534467199760630063e-01
4.550814602234841133e-01
4.565197666749264416e-01
4.572799657708374599e-01
4.580981254293518545e-01
4.596799700274998846e-01
4.595603704020010949e-01
4.555418132580291712e-01
4.474437479384631433e-01
4.405920083170321577e-01
4.401219748239411644e-01
4.387127498477307874e-01
4.362142841610639477e-01
4.348952151477943340e-01
4.356246120762120588e-01
4.383981061866202844e-01
4.457908646857779433e-01
4.507259624400699050e-01
4.517839477633798784e-01
4.520366946442105904e-01
4.520762839231664554e-01
4.524237543713381937e-01
4.534467199825670813e-01
4.550814602275416454e-01
4.565197666760417161e-01
4.572799657721233202e-01
4.580981254340475428e-01
4.596799700351332785e-01
4.595603703875383861e-01
4.555418132435163359e-01
4.474437478986066918e-01
4.405920083091214301e-01
4.401219748234977969e-01
4.387127498392986436e-01
4.362142841533065418e-01
4.348952151473586270e-01
4.356246120800632560e-01
4.383981062047955235e-01
4.457908647108159150e-01
4.507259624463461622e-01
4.517839477662181635e-01
4.520366946461873425e-01
4.520762839236278086e-01
4.524237543706245424e-01
4.534467199816238359e-01
4.550814602269532272e-01
4.565197666758799566e-01
4.572799657719368582e-01
4.580981254333665875e-01
