5.972339086026910993e-01
5.972339086051048351e-01
5.972339086067326441e-01
5.972339086076736692e-01
5.972339086080531434e-01
5.972339086080051818e-01
5.972339086076589032e-01
5.972339086071294378e-01
5.972339086065129310e-01
5.972339086058849889e-01
5.972339086052991242e-01
5.972339086047901979e-01
5.972339086043769729e-01
5.972339086040643341e-01
5.972339086038480627e-01
5.972339086037176115e-01
5.972339086036578815e-01
5.972339086036534406e-01
5.972339086036881906e-01
5.972339086037479206e-01
5.972339086038204181e-01
5.972339086038962463e-01
5.972339086039681888e-01
5.972339086040316936e-01
5.972339086040839851e-01
5.972339086041243972e-01
5.972339086041529299e-01
5.972339086041706935e-01
5.972339086041796863e-01
5.972339086041815737e-01
5.972339086041783540e-01
5.972339086041716927e-01
5.972339086041631440e-01
5.972339086041541512e-01
5.972339086041452694e-01
5.972339086041373868e-01
5.972339086041307255e-01
5.972339086041255074e-01
5.972339086041219547e-01
5.972339086041195122e-01
5.972339086041181799e-01
5.972339086041177358e-01
5.972339086041180689e-01
5.972339086041188461e-01
5.972339086041197342e-01
5.972339086041208445e-01
5.972339086041218437e-01
5.972339086041228429e-01
5.972339086041237310e-01
5.972339086041242862e-01
5.972339086041248413e-01
5.972339086041251743e-01
5.972339086041252854e-01
5.972339086041252854e-01
5.972339086041255074e-01
5.972339086041252854e-01
5.972339086041252854e-01
5.972339086041250633e-01
5.972339086041248413e-01
5.972339086041247302e-01
5.972339086041247302e-01
5.972339086041246192e-01
5.972339086041246192e-01
5.972339086041245082e-01
5.972339086041245082e-01
5.972339086041245082e-01
5.972339086041245082e-01
5.972339086041246192e-01
5.972339086041246192e-01
5.972339086041246192e-01
5.972339086041245082e-01
5.972339086041247302e-01
5.972339086041247302e-01
5.972339086041247302e-01
5.972339086041247302e-01
5.972339086041247302e-01
5.972339086041247302e-01
5.972339086041247302e-01
5.972339086041247302e-01
5.972339086041247302e-01
5.972339086041247302e-01
5.972339086041247302e-01
5.972339086041247302e-01
5.972339086041247302e-01
5.972339086041247302e-01
5.972339086041246192e-01
5.972339086041247302e-01
5.972339086041247302e-01
5.972339086041247302e-01
5.972339086041247302e-01
5.972339086041247302e-01
5.972339086041247302e-01
5.972339086041247302e-01
5.972339086041247302e-01
5.972339086041247302e-01
5.972339086041247302e-01
5.972339086041247302e-01
5.972339086041247302e-01
5.972339086041247302e-01
5.972339086041246192e-01
