2.281074157719113760e-01
2.281004883393341065e-01
2.280897910884961688e-01
2.280794840016985570e-01
2.280731740484022718e-01
2.280726998724232624e-01
2.280776549716901636e-01
2.280857476489953350e-01
2.280937967091776764e-01
2.280989505673712003e-01
2.280996698473093387e-01
2.280961424995447406e-01
2.280900417419712556e-01
2.280837834884619775e-01
2.280795985029127892e-01
2.280787633264326764e-01
2.280812429040439404e-01
2.280858309010327933e-01
2.280906918469568223e-01
2.280940748840281085e-01
2.280949275595697268e-01
2.280931997137737033e-01
2.280897604771781051e-01
2.280859980751194505e-01
2.280832768800727384e-01
2.280824574236492153e-01
2.280836417601768695e-01
2.280862118663004590e-01
2.280891194484593043e-01
2.280913002918551757e-01
2.280920535648256198e-01
2.280912542882766736e-01
2.280893400679696592e-01
2.280870997966385483e-01
2.280853593448804451e-01
2.280846856393619893e-01
2.280852116412200314e-01
2.280866320915786449e-01
2.280883549134911092e-01
2.280897394923015464e-01
2.280903287004628077e-01
2.280899927688792572e-01
2.280889426632075057e-01
2.280876213587696988e-01
2.280865238553974605e-01
2.280860167484848045e-01
2.280862211528794370e-01
2.280869940939032614e-01
2.280880052829912796e-01
2.280888727304699326e-01
2.280893032986461844e-01
2.280891877994505601e-01
2.280886213961814679e-01
2.280878495450113508e-01
2.280871660964269576e-01
2.280868044134641004e-01
2.280868607203348497e-01
2.280872736045859162e-01
2.280878613883259576e-01
2.280883984291959266e-01
2.280886994578353588e-01
2.280886812374624539e-01
2.280883819239021282e-01
2.280879354772439860e-01
2.280875146805161346e-01
2.280872660771420257e-01
2.280872606638447153e-01
2.280874762301698389e-01
2.280878144671491803e-01
2.280881433485980048e-01
2.280883472647854959e-01
2.280883663648879400e-01
2.280882122290026626e-01
2.280879566684810844e-01
2.280877002996485048e-01
2.280875340373091920e-01
2.280875078489879026e-01
2.280876171141581477e-01
2.280878096753096163e-01
2.280880090344469258e-01
2.280881438760671287e-01
2.280881728248726759e-01
2.280880961349029956e-01
2.280879514655054230e-01
2.280877968235008046e-01
2.280876879911827582e-01
2.280876589837310675e-01
2.280877121574366173e-01
2.280878205156804672e-01
2.280879401868355916e-01
2.280880276444759436e-01
2.280880550968186482e-01
2.280880187727404029e-01
2.280879378732139917e-01
2.280878454872219685e-01
2.280877754892158826e-01
2.280877504591556082e-01
2.280877748030201158e-01
2.280878349950351269e-01
2.280879061495472981e-01
