5.024408043941758217e-01
5.054664056980849862e-01
5.047708479152694938e-01
5.030228259675428859e-01
5.018098576899419072e-01
5.011563657944563266e-01
5.008744912998831511e-01
5.008467854636441396e-01
5.009581550809454331e-01
5.011230686602873297e-01
5.013055980801403022e-01
5.015056771173195260e-01
5.017427976114958721e-01
5.020436346330759969e-01
5.024274460106582518e-01
5.028786702848152546e-01
5.033241980975897700e-01
5.036640585217060373e-01
5.038376251547059814e-01
5.038447319368091204e-01
5.037185828258254894e-01
5.034997533864964403e-01
5.032266855452950383e-01
5.029327739575192302e-01
5.026444645797454314e-01
5.023832219174153568e-01
5.021688044164615006e-01
5.020179088953623525e-01
5.019408596427908931e-01
5.019417451318560763e-01
5.020217373219775236e-01
5.021815161404151739e-01
5.024189718539245897e-01
5.027203040989780547e-01
5.030487561513756756e-01
5.033459064952382489e-01
5.035548619812738602e-01
5.036458370251749583e-01
5.036203158068370822e-01
5.034988606242217779e-01
5.033091469998521861e-01
5.030796325447027817e-01
5.028363886293248930e-01
5.026018330595463102e-01
5.023953939079286446e-01
5.022339544823412050e-01
5.021306431535492720e-01
5.020937720583200647e-01
5.021275402305488411e-01
5.022333903240046027e-01
5.024094141942780922e-01
5.026458815480093767e-01
5.029182065488008169e-01
5.031846955453133097e-01
5.033974374222928150e-01
5.035213155806952390e-01
5.035447686650877941e-01
5.034764448600439479e-01
5.033361583762089309e-01
5.031478349346139023e-01
5.029354783963785325e-01
5.027210252745197838e-01
5.025237834259490555e-01
5.023605980357440659e-01
5.022453489741034449e-01
5.021880116618014922e-01
5.021945226737214441e-01
5.022674228469795610e-01
5.024056943273763620e-01
5.026021059918509559e-01
5.028382875079430159e-01
5.030817713768811483e-01
5.032915649371522138e-01
5.034321503657132046e-01
5.034854217220008366e-01
5.034522140762490716e-01
5.033463327460805381e-01
5.031878904483163550e-01
5.029988082238565639e-01
5.028001824496318717e-01
5.026110818109141842e-01
5.024483061264681805e-01
5.023260642087873373e-01
5.022552207224801890e-01
5.022428598451785797e-01
5.022925028105166279e-01
5.024040519652591685e-01
5.025720594750537895e-01
5.027820471778787770e-01
5.030074977041084638e-01
5.032126582968146078e-01
5.033630030472816541e-01
5.034367841663666132e-01
5.034293351350105361e-01
5.033496757975928215e-01
5.032146520591456174e-01
5.030442608707190733e-01
5.028586844233224884e-01
5.026766814778130810e-01
5.025149993324781184e-01
