5.647187797933753695e-01
5.647187797933753695e-01
5.647187797933753695e-01
5.647187797933753695e-01
5.647187797933753695e-01
5.647187797933753695e-01
5.647187797933753695e-01
5.647187797933753695e-01
5.647187797933753695e-01
5.647187797933753695e-01
5.647187797933753695e-01
5.647187797933753695e-01
5.647187797933753695e-01
5.647187797933753695e-01
5.647187797933753695e-01
5.647187797933753695e-01
5.647187797933753695e-01
5.647187797933753695e-01
5.647187797933753695e-01
5.647187797933753695e-01
5.647187797933753695e-01
5.647187797933753695e-01
5.647187797933753695e-01
5.647187797933753695e-01
5.647187797933753695e-01
5.647187797933753695e-01
5.647187797933753695e-01
5.647187797933753695e-01
5.647187797933753695e-01
5.647187797933753695e-01
5.647187797933753695e-01
5.647187797933753695e-01
5.647187797933753695e-01
5.647187797933753695e-01
5.647187797933753695e-01
5.647187797933753695e-01
5.647187797933753695e-01
5.647187797933753695e-01
5.647187797933753695e-01
5.647187797933753695e-01
5.647187797933753695e-01
5.647187797933753695e-01
5.647187797933753695e-01
5.647187797933753695e-01
5.647187797933753695e-01
5.647187797933753695e-01
5.647187797933753695e-01
5.647187797933753695e-01
5.647187797933753695e-01
5.647187797933753695e-01
5.647187797933753695e-01
5.647187797933753695e-01
5.647187797933753695e-01
5.647187797933753695e-01
5.647187797933753695e-01
5.647187797933753695e-01
5.647187797933753695e-01
5.647187797933753695e-01
5.647187797933753695e-01
5.647187797933753695e-01
5.647187797933753695e-01
5.647187797933753695e-01
5.647187797933753695e-01
5.647187797933753695e-01
5.647187797933753695e-01
5.647187797933753695e-01
5.647187797933753695e-01
5.647187797933753695e-01
5.647187797933753695e-01
5.647187797933753695e-01
5.647187797933753695e-01
5.647187797933753695e-01
5.647187797933753695e-01
5.647187797933753695e-01
5.647187797933753695e-01
5.647187797933753695e-01
5.647187797933753695e-01
5.647187797933753695e-01
5.647187797933753695e-01
5.647187797933753695e-01
5.647187797933753695e-01
5.647187797933753695e-01
5.647187797933753695e-01
5.647187797933753695e-01
5.647187797933753695e-01
5.647187797933753695e-01
5.647187797933753695e-01
5.647187797933753695e-01
5.647187797933753695e-01
5.647187797933753695e-01
5.647187797933753695e-01
5.647187797933753695e-01
5.647187797933753695e-01
5.647187797933753695e-01
5.647187797933754805e-01
5.647187797933753695e-01
5.647187797933753695e-01
5.647187797933753695e-01
5.647187797933753695e-01
5.647187797933753695e-01
