4.145363599253443221e-01
4.145363599253439335e-01
4.145363599253445996e-01
4.145363599253457654e-01
4.145363599253465980e-01
4.145363599253472087e-01
4.145363599253472087e-01
4.145363599253467646e-01
4.145363599253463760e-01
4.145363599253460984e-01
4.145363599253460429e-01
4.145363599253460429e-01
4.145363599253461540e-01
4.145363599253463205e-01
4.145363599253463760e-01
4.145363599253463760e-01
4.145363599253464870e-01
4.145363599253463205e-01
4.145363599253463205e-01
4.145363599253461540e-01
4.145363599253461540e-01
4.145363599253461540e-01
4.145363599253463205e-01
4.145363599253463205e-01
4.145363599253463205e-01
4.145363599253463205e-01
4.145363599253463205e-01
4.145363599253463205e-01
4.145363599253463205e-01
4.145363599253463205e-01
4.145363599253463205e-01
4.145363599253461540e-01
4.145363599253462650e-01
4.145363599253462650e-01
4.145363599253461540e-01
4.145363599253461540e-01
4.145363599253462650e-01
4.145363599253462650e-01
4.145363599253462650e-01
4.145363599253462650e-01
4.145363599253463205e-01
4.145363599253463205e-01
4.145363599253462650e-01
4.145363599253463205e-01
4.145363599253463205e-01
4.145363599253462650e-01
4.145363599253461540e-01
4.145363599253461540e-01
4.145363599253461540e-01
4.145363599253461540e-01
4.145363599253463205e-01
4.145363599253463205e-01
4.145363599253463205e-01
4.145363599253463205e-01
4.145363599253463205e-01
4.145363599253463205e-01
4.145363599253462650e-01
4.145363599253463205e-01
4.145363599253463205e-01
4.145363599253463205e-01
4.145363599253462650e-01
4.145363599253463205e-01
4.145363599253463205e-01
4.145363599253463205e-01
4.145363599253463205e-01
4.145363599253463760e-01
4.145363599253463205e-01
4.145363599253461540e-01
4.145363599253462650e-01
4.145363599253462650e-01
4.145363599253463205e-01
4.145363599253463205e-01
4.145363599253463205e-01
4.145363599253463205e-01
4.145363599253462650e-01
4.145363599253462650e-01
4.145363599253463205e-01
4.145363599253461540e-01
4.145363599253461540e-01
4.145363599253462650e-01
4.145363599253462650e-01
4.145363599253463205e-01
4.145363599253463205e-01
4.145363599253463205e-01
4.145363599253461540e-01
4.145363599253461540e-01
4.145363599253461540e-01
4.145363599253463205e-01
4.145363599253463205e-01
4.145363599253463205e-01
4.145363599253462650e-01
4.145363599253461540e-01
4.145363599253461540e-01
4.145363599253462650e-01
4.145363599253463205e-01
4.145363599253463205e-01
4.145363599253463205e-01
4.145363599253463205e-01
4.145363599253462650e-01
4.145363599253462650e-01
