3.716528111816000957e-01
3.716528111816016500e-01
3.716528111816017055e-01
3.716528111816005397e-01
3.716528111815992630e-01
3.716528111815984303e-01
3.716528111815983748e-01
3.716528111815989854e-01
3.716528111815995405e-01
3.716528111815999291e-01
3.716528111815999846e-01
3.716528111815997071e-01
3.716528111815994850e-01
3.716528111815993740e-01
3.716528111815994850e-01
3.716528111815995405e-01
3.716528111815995961e-01
3.716528111815997626e-01
3.716528111815997071e-01
3.716528111815995961e-01
3.716528111815995405e-01
3.716528111815995405e-01
3.716528111815995405e-01
3.716528111815995405e-01
3.716528111815995405e-01
3.716528111815995405e-01
3.716528111815995961e-01
3.716528111815995961e-01
3.716528111815995405e-01
3.716528111815995405e-01
3.716528111815995405e-01
3.716528111815995405e-01
3.716528111815995405e-01
3.716528111815995405e-01
3.716528111815995961e-01
3.716528111815997071e-01
3.716528111815997071e-01
3.716528111815997071e-01
3.716528111815995961e-01
3.716528111815995405e-01
3.716528111815995961e-01
3.716528111815995961e-01
3.716528111815995961e-01
3.716528111815995961e-01
3.716528111815995961e-01
3.716528111815995405e-01
3.716528111815995405e-01
3.716528111815995405e-01
3.716528111815995405e-01
3.716528111815995961e-01
3.716528111815995405e-01
3.716528111815995961e-01
3.716528111815995961e-01
3.716528111815995961e-01
3.716528111815995961e-01
3.716528111815995961e-01
3.716528111815995961e-01
3.716528111815995961e-01
3.716528111815995961e-01
3.716528111815995961e-01
3.716528111815997071e-01
3.716528111815995961e-01
3.716528111815995961e-01
3.716528111815995961e-01
3.716528111815995961e-01
3.716528111815995961e-01
3.716528111815995405e-01
3.716528111815995405e-01
3.716528111815995405e-01
3.716528111815995405e-01
3.716528111815995961e-01
3.716528111815995961e-01
3.716528111815995961e-01
3.716528111815995405e-01
3.716528111815995405e-01
3.716528111815995405e-01
3.716528111815995405e-01
3.716528111815995405e-01
3.716528111815995405e-01
3.716528111815995405e-01
3.716528111815995405e-01
3.716528111815995405e-01
3.716528111815995405e-01
3.716528111815995405e-01
3.716528111815995961e-01
3.716528111815995961e-01
3.716528111815995961e-01
3.716528111815995961e-01
3.716528111815995961e-01
3.716528111815995961e-01
3.716528111815997071e-01
3.716528111815995405e-01
3.716528111815995405e-01
3.716528111815995405e-01
3.716528111815995405e-01
3.716528111815995405e-01
3.716528111815995961e-01
3.716528111815995405e-01
3.716528111815995405e-01
3.716528111815995405e-01
