5.506655161452543856e-01
5.506655159935506250e-01
5.506655158883192458e-01
5.506655158154170060e-01
5.506655157649736898e-01
5.506655157301121317e-01
5.506655157060470485e-01
5.506655156894535441e-01
5.506655156780243532e-01
5.506655156701605325e-01
5.506655156647558558e-01
5.506655156610449353e-01
5.506655156584993049e-01
5.506655156567551446e-01
5.506655156555612107e-01
5.506655156547447527e-01
5.506655156541867546e-01
5.506655156538060591e-01
5.506655156535463780e-01
5.506655156533694084e-01
5.506655156532490603e-01
5.506655156531671258e-01
5.506655156531115036e-01
5.506655156530737560e-01
5.506655156530482209e-01
5.506655156530307904e-01
5.506655156530191331e-01
5.506655156530111395e-01
5.506655156530058104e-01
5.506655156530022577e-01
5.506655156529997042e-01
5.506655156529980388e-01
5.506655156529970396e-01
5.506655156529962625e-01
5.506655156529957074e-01
5.506655156529954853e-01
5.506655156529951523e-01
5.506655156529950412e-01
5.506655156529949302e-01
5.506655156529949302e-01
5.506655156529949302e-01
5.506655156529949302e-01
5.506655156529949302e-01
5.506655156529948192e-01
5.506655156529949302e-01
5.506655156529948192e-01
5.506655156529948192e-01
5.506655156529948192e-01
5.506655156529948192e-01
5.506655156529948192e-01
5.506655156529948192e-01
5.506655156529948192e-01
5.506655156529948192e-01
5.506655156529948192e-01
5.506655156529948192e-01
5.506655156529948192e-01
5.506655156529948192e-01
5.506655156529947082e-01
5.506655156529947082e-01
5.506655156529947082e-01
5.506655156529947082e-01
5.506655156529948192e-01
5.506655156529948192e-01
5.506655156529948192e-01
5.506655156529948192e-01
5.506655156529948192e-01
5.506655156529947082e-01
5.506655156529947082e-01
5.506655156529947082e-01
5.506655156529948192e-01
5.506655156529949302e-01
5.506655156529948192e-01
5.506655156529948192e-01
5.506655156529947082e-01
5.506655156529948192e-01
5.506655156529948192e-01
5.506655156529948192e-01
5.506655156529948192e-01
5.506655156529948192e-01
5.506655156529948192e-01
5.506655156529948192e-01
5.506655156529948192e-01
5.506655156529948192e-01
5.506655156529948192e-01
5.506655156529948192e-01
5.506655156529948192e-01
5.506655156529948192e-01
5.506655156529948192e-01
5.506655156529948192e-01
5.506655156529948192e-01
5.506655156529948192e-01
5.506655156529948192e-01
5.506655156529949302e-01
5.506655156529948192e-01
5.506655156529948192e-01
5.506655156529948192e-01
5.506655156529948192e-01
5.506655156529948192e-01
5.506655156529948192e-01
5.506655156529948192e-01
