2.241258752224712381e-01
2.264475989813459766e-01
2.341815512130685784e-01
2.337015929848576534e-01
2.349320237458741023e-01
2.413442223177435508e-01
2.401878280839380431e-01
2.380014943718224141e-01
2.400428669839517193e-01
2.322908249604767883e-01
2.272090547084179013e-01
2.288667109072169414e-01
2.231546314739975556e-01
2.249767906221533387e-01
2.289481120254290847e-01
2.313550276399171657e-01
2.397286925321396589e-01
2.500219926954846406e-01
2.602185559144289950e-01
2.617408943852327918e-01
2.464474561098870531e-01
2.148778602268645033e-01
1.926644770841302312e-01
2.037775054089163707e-01
2.140823572705706224e-01
2.185552440270462082e-01
2.203278204053698563e-01
2.225189281940667396e-01
2.287921362088654875e-01
2.373581973328071359e-01
2.412822397448526612e-01
2.391072254140840792e-01
2.386987563116596822e-01
2.430544205257035295e-01
2.437301205303413487e-01
2.521437757407767322e-01
2.611608143581990449e-01
2.608797864618270235e-01
2.483051722758614355e-01
2.326496833088466110e-01
2.123193621668566233e-01
2.110754377194891118e-01
2.219789806166145574e-01
2.300617223799449607e-01
2.262601046565862750e-01
2.230887295115430158e-01
2.304451326147173851e-01
2.333690913100395226e-01
2.347745314067591627e-01
2.400854658257062790e-01
2.449608538570802740e-01
2.482829347553099641e-01
2.479686627594366866e-01
2.401524593281733344e-01
2.341914255774429354e-01
2.364635877659388985e-01
2.445420565790966394e-01
2.565131153998935765e-01
2.558166463100069454e-01
2.358228473960016780e-01
2.013176207970630016e-01
1.849150414557555744e-01
1.934475063231143876e-01
2.160076802646649918e-01
2.353165189856707973e-01
2.566236228435800903e-01
2.542400313569223025e-01
2.439965858494166917e-01
2.267063260580111650e-01
2.243165818969886094e-01
2.248551776110468414e-01
2.297129699524619317e-01
2.371278109451867844e-01
2.421253471745609676e-01
2.486475681534564552e-01
2.543605027159369092e-01
2.502085519801278135e-01
2.294779232526930890e-01
2.010678366287062258e-01
1.926160054069079031e-01
2.033305101274592852e-01
2.134627689186474053e-01
2.219235780774162781e-01
2.300706563749373990e-01
2.320654306493339369e-01
2.326895445274185237e-01
2.357084712733621967e-01
2.393185353778369273e-01
2.413203052998388054e-01
2.424312441116605599e-01
2.407529418970127955e-01
2.524184198525307177e-01
2.606628633532763195e-01
2.589595757994363479e-01
2.402348635973778346e-01
2.145230940892101368e-01
1.933909811248064603e-01
2.050207862130435654e-01
2.261642976544202543e-01
2.353598473112293310e-01
