5.566492484359807369e-01
5.566492516996295326e-01
5.566492557416121700e-01
5.566492584026500046e-01
5.566492587681887150e-01
5.566492572764933922e-01
5.566492551448604109e-01
5.566492535734833824e-01
5.566492531707587510e-01
5.566492538181178062e-01
5.566492549219207442e-01
5.566492558271918245e-01
5.566492561501663605e-01
5.566492558908893162e-01
5.566492553304166480e-01
5.566492548199138968e-01
5.566492545923937829e-01
5.566492546818907483e-01
5.566492549603182516e-01
5.566492552427014795e-01
5.566492553916893016e-01
5.566492553710937763e-01
5.566492552362666268e-01
5.566492550828711083e-01
5.566492549899154652e-01
5.566492549860798666e-01
5.566492550493511438e-01
5.566492551312213211e-01
5.566492551871955463e-01
5.566492551971923275e-01
5.566492551686986756e-01
5.566492551257741228e-01
5.566492550930002281e-01
5.566492550834774011e-01
5.566492550955755014e-01
5.566492551176656089e-01
5.566492551364103925e-01
5.566492551436584835e-01
5.566492551389903287e-01
5.566492551278497958e-01
5.566492551173470860e-01
5.566492551123803922e-01
5.566492551138647604e-01
5.566492551193559235e-01
5.566492551251308596e-01
5.566492551283264145e-01
5.566492551280907142e-01
5.566492551254563770e-01
5.566492551223372054e-01
5.566492551203686689e-01
5.566492551201923655e-01
5.566492551214140549e-01
5.566492551230690644e-01
5.566492551242431253e-01
5.566492551244981435e-01
5.566492551239570208e-01
5.566492551230943775e-01
5.566492551224124785e-01
5.566492551221922103e-01
5.566492551224160312e-01
5.566492551228571228e-01
5.566492551232443686e-01
5.566492551234054620e-01
5.566492551233229724e-01
5.566492551231020380e-01
5.566492551228863217e-01
5.566492551227786301e-01
5.566492551228019448e-01
5.566492551229099695e-01
5.566492551230278751e-01
5.566492551230961539e-01
5.566492551230949326e-01
5.566492551230436403e-01
5.566492551229804686e-01
5.566492551229388352e-01
5.566492551229332841e-01
5.566492551229568209e-01
5.566492551229902386e-01
5.566492551230147745e-01
5.566492551230209918e-01
5.566492551230107777e-01
5.566492551229934582e-01
5.566492551229792474e-01
5.566492551229741403e-01
5.566492551229783592e-01
5.566492551229871300e-01
5.566492551229951236e-01
5.566492551229986763e-01
5.566492551229971220e-01
5.566492551229929031e-01
5.566492551229885732e-01
5.566492551229861308e-01
5.566492551229864638e-01
5.566492551229884622e-01
5.566492551229909047e-01
5.566492551229924590e-01
5.566492551229925700e-01
5.566492551229915708e-01
5.566492551229902386e-01
5.566492551229892394e-01
