2.265082875581148070e-01
2.265081984568096674e-01
2.265081176913275041e-01
2.265080455540063320e-01
2.265079821583255160e-01
2.265079274594123671e-01
2.265078812745830172e-01
2.265078433035774552e-01
2.265078131481931545e-01
2.265077903310731833e-01
2.265077743134453758e-01
2.265077645116558291e-01
2.265077603123749339e-01
2.265077610863951429e-01
2.265077662009684911e-01
2.265077750306663251e-01
2.265077869667651844e-01
2.265078014251906968e-01
2.265078178530671449e-01
2.265078357339391779e-01
2.265078545917452446e-01
2.265078739936318142e-01
2.265078935517069458e-01
2.265079129238349032e-01
2.265079318135790609e-01
2.265079499693984089e-01
2.265079671832047337e-01
2.265079832883826194e-01
2.265079981573724088e-01
2.265080116989091064e-01
2.265080238550070124e-01
2.265080345977702470e-01
2.265080439261038248e-01
2.265080518623921457e-01
2.265080584492031313e-01
2.265080637460706037e-01
2.265080678263962088e-01
2.265080707745100175e-01
2.265080726829152291e-01
2.265080736497425973e-01
2.265080737764291197e-01
2.265080731656309854e-01
2.265080719193769410e-01
2.265080701374625749e-01
2.265080679160810795e-01
2.265080653466847727e-01
2.265080625150666938e-01
2.265080595006503383e-01
2.265080563759727383e-01
2.265080532063462049e-01
2.265080500496811089e-01
2.265080469564532684e-01
2.265080439697979287e-01
2.265080411257131554e-01
2.265080384533560698e-01
2.265080359754142458e-01
2.265080337085383089e-01
2.265080316638197477e-01
2.265080298473015341e-01
2.265080282605072548e-01
2.265080269009798197e-01
2.265080257628182547e-01
2.265080248372046134e-01
2.265080241129129313e-01
2.265080235767948924e-01
2.265080232142363814e-01
2.265080230095814495e-01
2.265080229465203376e-01
2.265080230084402790e-01
2.265080231787376386e-01
2.265080234410900561e-01
2.265080237796914253e-01
2.265080241794480420e-01
2.265080246261386987e-01
2.265080251065409722e-01
2.265080256085243160e-01
2.265080261211148138e-01
2.265080266345313453e-01
2.265080271401988810e-01
2.265080276307391005e-01
2.265080280999433038e-01
2.265080285427289730e-01
2.265080289550831516e-01
2.265080293339954420e-01
2.265080296773824831e-01
2.265080299840069311e-01
2.265080302533924173e-01
2.265080304857363391e-01
2.265080306818229583e-01
2.265080308429366918e-01
2.265080309707792894e-01
2.265080310673892594e-01
2.265080311350662623e-01
2.265080311763008059e-01
2.265080311937091584e-01
2.265080311899745902e-01
2.265080311677947211e-01
2.265080311298353077e-01
2.265080310786900530e-01
2.265080310168469391e-01
