5.433228267283148893e-01
5.433228267283096713e-01
5.433228267283055635e-01
5.433228267283020108e-01
5.433228267282990132e-01
5.433228267282966817e-01
5.433228267282946833e-01
5.433228267282931290e-01
5.433228267282916857e-01
5.433228267282906865e-01
5.433228267282897983e-01
5.433228267282891322e-01
5.433228267282883550e-01
5.433228267282880219e-01
5.433228267282875779e-01
5.433228267282872448e-01
5.433228267282868007e-01
5.433228267282866897e-01
5.433228267282864676e-01
5.433228267282863566e-01
5.433228267282862456e-01
5.433228267282861346e-01
5.433228267282860235e-01
5.433228267282859125e-01
5.433228267282859125e-01
5.433228267282858015e-01
5.433228267282858015e-01
5.433228267282856905e-01
5.433228267282858015e-01
5.433228267282856905e-01
5.433228267282856905e-01
5.433228267282856905e-01
5.433228267282856905e-01
5.433228267282856905e-01
5.433228267282855795e-01
5.433228267282856905e-01
5.433228267282856905e-01
5.433228267282855795e-01
5.433228267282856905e-01
5.433228267282856905e-01
5.433228267282856905e-01
5.433228267282856905e-01
5.433228267282856905e-01
5.433228267282856905e-01
5.433228267282856905e-01
5.433228267282856905e-01
5.433228267282856905e-01
5.433228267282856905e-01
5.433228267282856905e-01
5.433228267282856905e-01
5.433228267282856905e-01
5.433228267282856905e-01
5.433228267282856905e-01
5.433228267282856905e-01
5.433228267282856905e-01
5.433228267282856905e-01
5.433228267282855795e-01
5.433228267282856905e-01
5.433228267282856905e-01
5.433228267282855795e-01
5.433228267282856905e-01
5.433228267282856905e-01
5.433228267282855795e-01
5.433228267282855795e-01
5.433228267282855795e-01
5.433228267282856905e-01
5.433228267282855795e-01
5.433228267282856905e-01
5.433228267282856905e-01
5.433228267282856905e-01
5.433228267282856905e-01
5.433228267282856905e-01
5.433228267282856905e-01
5.433228267282856905e-01
5.433228267282856905e-01
5.433228267282856905e-01
5.433228267282855795e-01
5.433228267282855795e-01
5.433228267282856905e-01
5.433228267282856905e-01
5.433228267282856905e-01
5.433228267282856905e-01
5.433228267282856905e-01
5.433228267282856905e-01
5.433228267282856905e-01
5.433228267282856905e-01
5.433228267282855795e-01
5.433228267282856905e-01
5.433228267282856905e-01
5.433228267282855795e-01
5.433228267282855795e-01
5.433228267282856905e-01
5.433228267282856905e-01
5.433228267282856905e-01
5.433228267282856905e-01
5.433228267282856905e-01
5.433228267282855795e-01
5.433228267282856905e-01
5.433228267282856905e-01
5.433228267282856905e-01
