5.786309558605128300e-01
5.773839265511169216e-01
5.780804789016820155e-01
5.793134351177742225e-01
5.797858891227172240e-01
5.795682792058068911e-01
5.782748393011850618e-01
5.773390456142377669e-01
5.784122487304633742e-01
5.794798813857466868e-01
5.798042087487410567e-01
5.793750906463924766e-01
5.779372230764887597e-01
5.774276783072622710e-01
5.787256728715058918e-01
5.796097194654589169e-01
5.797885378009333124e-01
5.791101554146164121e-01
5.776497480754198000e-01
5.776393897685860868e-01
5.789998570760096497e-01
5.797052451513903248e-01
5.797341983387560571e-01
5.787861573212332855e-01
5.774419525639603590e-01
5.779352637083711164e-01
5.792275196430308748e-01
5.797685116337363276e-01
5.796323287481622843e-01
5.784317608990793280e-01
5.773419831020717430e-01
5.782660687297678237e-01
5.794115616710736605e-01
5.798006521441513295e-01
5.794694890281066879e-01
5.780813831045034101e-01
5.773715299655746147e-01
5.785915289325935795e-01
5.795572113706158879e-01
5.798001944061105251e-01
5.792353741486949703e-01
5.777678688538578911e-01
5.775327424567976431e-01
5.788849624494405433e-01
5.796675706344963652e-01
5.797634839797503048e-01
5.789342921170843592e-01
5.775213904289129285e-01
5.777979555469002770e-01
5.791332796349256684e-01
5.797447213654260967e-01
5.796838434158189113e-01
5.785889248352679148e-01
5.773707854788485694e-01
5.781193650495213276e-01
5.793358383811200163e-01
5.797905040126960508e-01
5.795494163527998843e-01
5.782324601315305124e-01
5.773417396215082542e-01
5.784513601366666480e-01
5.794978260273463411e-01
5.798046602715811737e-01
5.793470772101829702e-01
5.778988724615704564e-01
5.774468160353052326e-01
5.787613339763839626e-01
5.796234074581834150e-01
5.797844122228277275e-01
5.790735497002938992e-01
5.776193593158621686e-01
5.776716512904053191e-01
5.790301955023910985e-01
5.797148526653909117e-01
5.797247235265758913e-01
5.787438421764780072e-01
5.774232230331867166e-01
5.779746463611690199e-01
5.792523375888497528e-01
5.797742507688208313e-01
5.796160572833414237e-01
5.783879298953992221e-01
5.773382103773753160e-01
5.783068520806041724e-01
5.794314557649460351e-01
5.798024892445926559e-01
5.794447643590013852e-01
5.780402857959749952e-01
5.773843922061304701e-01
5.786296423025265590e-01
5.795726594320470548e-01
5.797977878284439335e-01
5.792017547092030982e-01
5.777333755962661410e-01
5.775605106593015847e-01
5.789180062339819299e-01
5.796788234500810377e-01
5.797562347558569140e-01
5.788936502560252384e-01
5.774971253184747466e-01
