2.540039039936193774e-02
3.749457611760924347e-02
5.379172597827603514e-02
6.698099227965886859e-02
6.317003373509706698e-02
5.652292737891334573e-02
6.226918308263536261e-02
6.132310310026177491e-02
5.563931874883048384e-02
4.803332271950571525e-02
4.852647762185267888e-02
5.083108675849904584e-02
5.646103574260646907e-02
5.635855835906234540e-02
5.906729221214077064e-02
6.161990221837284482e-02
5.162043392965908611e-02
4.786610675810611809e-02
5.343539194017732363e-02
4.745317911805606997e-02
8.133561300204347755e-02
1.007859219693636593e-01
1.067287280549428924e-01
1.094965057565085442e-01
9.976550445802306877e-02
8.612783006692473209e-02
8.505052976783321339e-02
7.710108847465488302e-02
7.553026545171066808e-02
7.087404649532107193e-02
6.149945522360976413e-02
6.281891277687220998e-02
6.079056397333418987e-02
6.032695318296590198e-02
6.040176599822313919e-02
6.092101298573153467e-02
5.683027165645707784e-02
5.445262807007392181e-02
5.363448901586462259e-02
5.171689022770700056e-02
4.997934187502553471e-02
5.248092247598306476e-02
5.540115977441710526e-02
5.700531196763480857e-02
5.788854693646423161e-02
5.773048389366316341e-02
5.790594714940409948e-02
6.100229805637597674e-02
6.546241161340446424e-02
7.579221869349578311e-02
9.210608417328727815e-02
9.241586387441934336e-02
9.420829561336256652e-02
9.599303071481471439e-02
8.126662006014974404e-02
7.525631608652211257e-02
6.714433033395697525e-02
6.441481296705316162e-02
6.281329762130462291e-02
6.312398573101063448e-02
5.839860240836878408e-02
6.184246548118234321e-02
5.922021053340859043e-02
5.695862666842253091e-02
5.509363281686281005e-02
5.314792889920466612e-02
5.091933123298113262e-02
5.054201733735583929e-02
5.177652931634413314e-02
5.190243685579551403e-02
5.180184120700210421e-02
5.471199474590311002e-02
5.411846932793169807e-02
5.553145618992202243e-02
5.708060982382795467e-02
5.737032881541890422e-02
5.804744884780608377e-02
6.330245497798685228e-02
6.179572585570735493e-02
6.273668880382249347e-02
6.498805569599326593e-02
6.421123831816642757e-02
6.460016023783567152e-02
6.131088696553293332e-02
5.597032280803792420e-02
4.966894655821059434e-02
4.052770259168329836e-02
2.987054746984404638e-02
3.046731987169090314e-02
3.514149382201588873e-02
3.622693506885298759e-02
6.255313263730818973e-02
6.894192894274228656e-02
6.588888156536082397e-02
7.336742985481918555e-02
8.280352244164382314e-02
7.984291796001292962e-02
7.738313501211145640e-02
8.232492341722164042e-02
8.661969743854019965e-02
