5.288185015586659432e-01
5.207200560308420378e-01
5.228279872625604119e-01
5.288257351001613982e-01
5.207154666320278347e-01
5.228239849474701773e-01
5.288238395770964440e-01
5.207169898266569286e-01
5.228251126112960501e-01
5.288240889599801209e-01
5.207199039887926428e-01
5.228275846855953146e-01
5.288272826346910316e-01
5.207208444372234402e-01
5.228284347960523437e-01
5.288298696185020908e-01
5.207206731579768766e-01
5.228282992244061012e-01
5.288308829182026827e-01
5.207207794270205525e-01
5.228283715774333373e-01
5.288313989844853902e-01
5.207212256374632586e-01
5.228287404091197521e-01
5.288320742938908969e-01
5.207215774282675236e-01
5.228290405303930299e-01
5.288327554824594490e-01
5.207217289841346020e-01
5.228291710602832598e-01
5.288332285793910792e-01
5.207218163657147958e-01
5.228292436921229136e-01
5.288335298639226245e-01
5.207219183747365809e-01
5.228293280927819309e-01
5.288337672504578313e-01
5.207220160238192896e-01
5.228294100312111947e-01
5.288339748666538442e-01
5.207220847416723641e-01
5.228294681175851277e-01
5.288341405246974603e-01
5.207221302450195655e-01
5.228295064067414177e-01
5.288342624227124755e-01
5.207221661620770048e-01
5.228295364265362899e-01
5.288343540485371808e-01
5.207221968733393158e-01
5.228295621286346284e-01
5.288344268075093613e-01
5.207222212127911032e-01
5.228295825707971467e-01
5.288344847499562018e-01
5.207222392920629606e-01
5.228295977632875235e-01
5.288345295722125528e-01
5.207222529825193957e-01
5.228296092450178678e-01
5.288345638738408683e-01
5.207222638170021511e-01
5.228296183231579963e-01
5.288345904673695808e-01
5.207222724027272820e-01
5.228296255228118694e-01
5.288346112926722853e-01
5.207222790469158147e-01
5.228296310983474582e-01
5.288346275311833766e-01
5.207222841465307672e-01
5.228296353767167837e-01
5.288346401065840974e-01
5.207222881030580952e-01
5.228296386944280005e-01
5.288346498478760926e-01
5.207222911970531554e-01
5.228296412887990519e-01
5.288346574235506248e-01
5.207222936076729702e-01
5.228296433106672803e-01
5.288346633211754577e-01
5.207222954755411637e-01
5.228296448774454319e-01
5.288346679038097298e-01
5.207222969233685772e-01
5.228296460917399857e-01
5.288346714605497434e-01
5.207222980492044462e-01
5.228296470358936299e-01
5.288346742229946829e-01
5.207222989253317280e-01
5.228296477706633194e-01
5.288346763703735132e-01
5.207222996060774101e-01
5.228296483416089435e-01
5.288346780394144186e-01
5.207223001345346880e-01
5.228296487848267393e-01
5.288346793359944842e-01
