3.505535114136724695e-01
3.505999623695869594e-01
3.508153201094195706e-01
3.513926586486425530e-01
3.523363729073265005e-01
3.532533653845921773e-01
3.561898180094453803e-01
3.587091442400512920e-01
3.612171894194184940e-01
3.614769920770563583e-01
3.608789889920929195e-01
3.603515629453010183e-01
3.601868259962371921e-01
3.601195722377891761e-01
3.594878228087641236e-01
3.584773754708401872e-01
3.568294413319160752e-01
3.552769022591890646e-01
3.535675963565854119e-01
3.534123506329138742e-01
3.537597577371938695e-01
3.535711900353186166e-01
3.529730617927475667e-01
3.521641285796049958e-01
3.513750657915691300e-01
3.508631161261789311e-01
3.506472164321791651e-01
3.505912578279561376e-01
3.505867972378618469e-01
3.505959727221471534e-01
3.506053974510844329e-01
3.506085085669967683e-01
3.506030372123102312e-01
3.505894415016821419e-01
3.505704832946460181e-01
3.505542496754502357e-01
3.505655738014314404e-01
3.506771871217862491e-01
3.510546039647371996e-01
3.518447450421492984e-01
3.528404782833493569e-01
3.539420718300148039e-01
3.577043365162287936e-01
3.601500885154207965e-01
3.614218832717903118e-01
3.611274608691590893e-01
3.605431877208818414e-01
3.602203851605286777e-01
3.601769719010875503e-01
3.598808944235876162e-01
3.589061967850190049e-01
3.576127677877149469e-01
3.559678963109773608e-01
3.543493008745544071e-01
3.532745528347277508e-01
3.537225954090429392e-01
3.538134869047819819e-01
3.533819794833190087e-01
3.526757086351691717e-01
3.518376058343615220e-01
3.511363167977048505e-01
3.507492654719209235e-01
3.506134582287902535e-01
3.505855592844808188e-01
3.505887511418153135e-01
3.505990985507971835e-01
3.506064954922887278e-01
3.506062095651792387e-01
3.505972174958536525e-01
3.505808939368138533e-01
3.505617440168270482e-01
3.505532700216040243e-01
3.505966505416200363e-01
3.508034984840725512e-01
3.513666433329739602e-01
3.523025393447223319e-01
3.532250248940845827e-01
3.559988228658138021e-01
3.586200872230849157e-01
3.612566915451046468e-01
3.615670923712625551e-01
3.609469896362947905e-01
3.603823417337529422e-01
3.601883258073584893e-01
3.601379365467242133e-01
3.595769079070887386e-01
3.585713216018095451e-01
3.569886133501817271e-01
3.554259265401896739e-01
3.536861429865281736e-01
3.533675933840338956e-01
3.537661203107070884e-01
3.536370954938545252e-01
3.530769809148756044e-01
3.522879270844376798e-01
3.514761508371407883e-01
3.509166061641479373e-01
3.506645642972828769e-01
3.505942186111730696e-01
3.505857528168518367e-01
