4.370165140084893984e-01
4.370165140084893984e-01
4.370165140084894539e-01
4.370165140084895095e-01
4.370165140084894539e-01
4.370165140084894539e-01
4.370165140084894539e-01
4.370165140084894539e-01
4.370165140084895095e-01
4.370165140084895095e-01
4.370165140084895095e-01
4.370165140084895095e-01
4.370165140084895095e-01
4.370165140084895095e-01
4.370165140084895095e-01
4.370165140084895095e-01
4.370165140084895095e-01
4.370165140084895095e-01
4.370165140084895095e-01
4.370165140084895095e-01
4.370165140084895095e-01
4.370165140084896205e-01
4.370165140084895095e-01
4.370165140084895095e-01
4.370165140084895095e-01
4.370165140084895095e-01
4.370165140084895095e-01
4.370165140084895095e-01
4.370165140084895095e-01
4.370165140084895095e-01
4.370165140084895095e-01
4.370165140084895095e-01
4.370165140084895095e-01
4.370165140084895095e-01
4.370165140084895095e-01
4.370165140084895095e-01
4.370165140084895095e-01
4.370165140084895095e-01
4.370165140084894539e-01
4.370165140084895095e-01
4.370165140084895095e-01
4.370165140084895095e-01
4.370165140084895095e-01
4.370165140084895095e-01
4.370165140084895095e-01
4.370165140084895095e-01
4.370165140084895095e-01
4.370165140084895095e-01
4.370165140084895095e-01
4.370165140084895095e-01
4.370165140084895095e-01
4.370165140084895095e-01
4.370165140084895095e-01
4.370165140084895095e-01
4.370165140084895095e-01
4.370165140084895095e-01
4.370165140084895095e-01
4.370165140084895095e-01
4.370165140084895095e-01
4.370165140084895095e-01
4.370165140084895095e-01
4.370165140084895095e-01
4.370165140084895095e-01
4.370165140084895095e-01
4.370165140084895095e-01
4.370165140084895095e-01
4.370165140084895095e-01
4.370165140084895095e-01
4.370165140084895095e-01
4.370165140084895095e-01
4.370165140084895095e-01
4.370165140084895095e-01
4.370165140084895095e-01
4.370165140084895095e-01
4.370165140084895095e-01
4.370165140084895095e-01
4.370165140084895095e-01
4.370165140084896205e-01
4.370165140084895095e-01
4.370165140084895095e-01
4.370165140084895095e-01
4.370165140084894539e-01
4.370165140084895095e-01
4.370165140084895095e-01
4.370165140084896205e-01
4.370165140084895095e-01
4.370165140084895095e-01
4.370165140084895095e-01
4.370165140084895095e-01
4.370165140084895095e-01
4.370165140084895095e-01
4.370165140084895095e-01
4.370165140084895095e-01
4.370165140084895095e-01
4.370165140084895095e-01
4.370165140084895095e-01
4.370165140084896205e-01
4.370165140084895095e-01
4.370165140084895095e-01
4.370165140084895095e-01
