4.034355033008898417e-01
4.034068660035992626e-01
4.033579841194206428e-01
4.032990996064868550e-01
4.032410117612462153e-01
4.031933416450375618e-01
4.031632490954082382e-01
4.031545962795825555e-01
4.031675621067591364e-01
4.031987453704337088e-01
4.032417896295886206e-01
4.032885136965760897e-01
4.033304307681204182e-01
4.033603836277825927e-01
4.033738919811952761e-01
4.033698425159040757e-01
4.033503853843158904e-01
4.033201803075733283e-01
4.032852889799448670e-01
4.032520048185587735e-01
4.032258207517428472e-01
4.032106424919645882e-01
4.032082985772276196e-01
4.032183751797672744e-01
4.032383885323373440e-01
4.032642812467095994e-01
4.032911835522506316e-01
4.033143197538787694e-01
4.033298833537639072e-01
4.033356879482993818e-01
4.033314533075382236e-01
4.033186924302519794e-01
4.033002732556426606e-01
4.032797910888765713e-01
4.032608947710791814e-01
4.032466814466399985e-01
4.032392374417396730e-01
4.032393712971408251e-01
4.032465608628333920e-01
4.032591139401852653e-01
4.032745160791275651e-01
4.032899092021489107e-01
4.033026162191919450e-01
4.033106108115097621e-01
4.033128397079814298e-01
4.033093399146860936e-01
4.033011443149197572e-01
4.032900164971701118e-01
4.032780844418030752e-01
4.032674492639349850e-01
4.032598355683338909e-01
4.032563327896449001e-01
4.032572581462103845e-01
4.032621535038919403e-01
4.032699101897627703e-01
4.032789973976800280e-01
4.032877528381104693e-01
4.032946823544992787e-01
4.032987128944868216e-01
4.032993532822879978e-01
4.032967381769807513e-01
4.032915563789850055e-01
4.032848875180468085e-01
4.032779854825000454e-01
4.032720511921833451e-01
4.032680333293867103e-01
4.032664865541253363e-01
4.032675051801547506e-01
4.032707378451238500e-01
4.032754762829705020e-01
4.032807998788307535e-01
4.032857487562886423e-01
4.032894936030689270e-01
4.032914718389111752e-01
4.032914673168923603e-01
4.032896229068486105e-01
4.032863889298116677e-01
4.032824221117219388e-01
4.032784571267084561e-01
4.032751751399905604e-01
4.032730916383032160e-01
4.032724805212415387e-01
4.032733442404152213e-01
4.032754318242615099e-01
4.032782988670351454e-01
4.032813969407102461e-01
4.032841754007852608e-01
4.032861770717354188e-01
4.032871112393374147e-01
4.032868924247759446e-01
4.032856404534181927e-01
4.032836447437495031e-01
4.032813019328841952e-01
4.032790398210194804e-01
4.032772417581232949e-01
4.032761842314214751e-01
4.032759971366185470e-01
4.032766517636084402e-01
4.032779766391569320e-01
4.032796967520326792e-01
