6.928409024042898601e-01
6.928409022180667121e-01
6.928409262572241545e-01
6.928409488563713747e-01
6.928409493925620222e-01
6.928409305905213200e-01
6.928409126411249064e-01
6.928409119866366650e-01
6.928409266881730977e-01
6.928409409430671406e-01
6.928409416883984928e-01
6.928409302167941597e-01
6.928409188906127225e-01
6.928409181384895810e-01
6.928409271103183054e-01
6.928409361061935723e-01
6.928409368287091752e-01
6.928409298285497231e-01
6.928409226914563623e-01
6.928409220165442362e-01
6.928409274816712538e-01
6.928409331499946200e-01
6.928409337642904564e-01
6.928409294987615263e-01
6.928409250027486310e-01
6.928409244554279978e-01
6.928409277824856272e-01
6.928409313494062749e-01
6.928409318327388711e-01
6.928409292382091689e-01
6.928409264090042985e-01
6.928409259885920379e-01
6.928409280117082680e-01
6.928409302548461657e-01
6.928409306177548688e-01
6.928409290414233590e-01
6.928409272632429783e-01
6.928409269523366776e-01
6.928409281805758546e-01
6.928409295899975451e-01
6.928409298544723205e-01
6.928409288979490155e-01
6.928409277812885847e-01
6.928409275575031501e-01
6.928409283021346177e-01
6.928409291867909658e-01
6.928409293752731957e-01
6.928409287957624230e-01
6.928409280951157712e-01
6.928409279371111618e-01
6.928409283879253255e-01
6.928409289427072126e-01
6.928409290747159499e-01
6.928409287241670267e-01
6.928409282849634643e-01
6.928409281750591564e-01
6.928409284475532948e-01
6.928409287951738937e-01
6.928409288863991433e-01
6.928409286746820550e-01
6.928409283996109780e-01
6.928409283240885008e-01
6.928409284885184150e-01
6.928409287061408905e-01
6.928409287685076690e-01
6.928409286408585555e-01
6.928409284687284675e-01
6.928409284173420168e-01
6.928409285163901199e-01
6.928409286525106792e-01
6.928409286947656565e-01
6.928409286179447735e-01
6.928409285103238613e-01
6.928409284756447128e-01
6.928409285351970759e-01
6.928409286202671380e-01
6.928409286486798546e-01
6.928409286025380975e-01
6.928409285353072100e-01
6.928409285120661343e-01
6.928409285477994395e-01
6.928409286009205026e-01
6.928409286199027628e-01
6.928409285922453309e-01
6.928409285502816761e-01
6.928409285347993940e-01
6.928409285561938358e-01
6.928409285893368796e-01
6.928409286019481250e-01
6.928409285854078004e-01
6.928409285592368461e-01
6.928409285489766090e-01
6.928409285617564972e-01
6.928409285824179697e-01
6.928409285907558557e-01
6.928409285808875273e-01
6.928409285645792393e-01
6.928409285578109866e-01
6.928409285654257843e-01
6.928409285782956006e-01
