3.294418226250503401e-01
3.294418226327727739e-01
3.294418225004304701e-01
3.294418223060262552e-01
3.294418221237871980e-01
3.294418220035389422e-01
3.294418219630020350e-01
3.294418219916319668e-01
3.294418220616381898e-01
3.294418221409471381e-01
3.294418222037753807e-01
3.294418222363960091e-01
3.294418222377628047e-01
3.294418222162543985e-01
3.294418221845792361e-01
3.294418221548469083e-01
3.294418221351982368e-01
3.294418221285415060e-01
3.294418221331726349e-01
3.294418221445684636e-01
3.294418221574995642e-01
3.294418221677568592e-01
3.294418221730946450e-01
3.294418221733351193e-01
3.294418221698395821e-01
3.294418221646786549e-01
3.294418221598278684e-01
3.294418221566172145e-01
3.294418221555241444e-01
3.294418221562732674e-01
3.294418221581282835e-01
3.294418221602366526e-01
3.294418221619112019e-01
3.294418221627846699e-01
3.294418221628268029e-01
3.294418221622586462e-01
3.294418221614178188e-01
3.294418221606264519e-01
3.294418221601018160e-01
3.294418221599222929e-01
3.294418221600434182e-01
3.294418221603453989e-01
3.294418221606892350e-01
3.294418221609625719e-01
3.294418221611055686e-01
3.294418221611127851e-01
3.294418221610204145e-01
3.294418221608834685e-01
3.294418221607543495e-01
3.294418221606686403e-01
3.294418221606392194e-01
3.294418221606587593e-01
3.294418221607079422e-01
3.294418221607639530e-01
3.294418221608086395e-01
3.294418221608320096e-01
3.294418221608333419e-01
3.294418221608182984e-01
3.294418221607959274e-01
3.294418221607747777e-01
3.294418221607608444e-01
3.294418221607560704e-01
3.294418221607591235e-01
3.294418221607672281e-01
3.294418221607763875e-01
3.294418221607837149e-01
3.294418221607875452e-01
3.294418221607876562e-01
3.294418221607852137e-01
3.294418221607816055e-01
3.294418221607781638e-01
3.294418221607757769e-01
3.294418221607750552e-01
3.294418221607755548e-01
3.294418221607768316e-01
3.294418221607783304e-01
3.294418221607795516e-01
3.294418221607802177e-01
3.294418221607802733e-01
3.294418221607799402e-01
3.294418221607792741e-01
3.294418221607787189e-01
3.294418221607782749e-01
3.294418221607781638e-01
3.294418221607782749e-01
3.294418221607783859e-01
3.294418221607787189e-01
3.294418221607788300e-01
3.294418221607789965e-01
3.294418221607789965e-01
3.294418221607789965e-01
3.294418221607788855e-01
3.294418221607787189e-01
3.294418221607787189e-01
3.294418221607787189e-01
3.294418221607787745e-01
3.294418221607787745e-01
3.294418221607788300e-01
3.294418221607788855e-01
3.294418221607788300e-01
