4.928585800825007746e-01
4.928585881430044835e-01
4.928585921560813543e-01
4.928585926972574582e-01
4.928585903001244661e-01
4.928585854555281864e-01
4.928585786114738632e-01
4.928585701736343805e-01
4.928585605063642294e-01
4.928585499341234799e-01
4.928585387432311005e-01
4.928585271838691328e-01
4.928585154722746053e-01
4.928585037930557355e-01
4.928584923015847385e-01
4.928584811264188348e-01
4.928584703717145410e-01
4.928584601196004389e-01
4.928584504324845517e-01
4.928584413552721810e-01
4.928584329174791057e-01
4.928584251352274848e-01
4.928584180131141967e-01
4.928584115459459514e-01
4.928584057203391766e-01
4.928584005161820714e-01
4.928583959079613219e-01
4.928583918659560914e-01
4.928583883573034452e-01
4.928583853469407083e-01
4.928583827984308607e-01
4.928583806746777984e-01
4.928583789385391767e-01
4.928583775533449951e-01
4.928583764833264769e-01
4.928583756939684535e-01
4.928583751522869205e-01
4.928583748270444209e-01
4.928583746889059758e-01
4.928583747105454438e-01
4.928583748667075826e-01
4.928583751342319186e-01
4.928583754920436988e-01
4.928583759211186965e-01
4.928583764044232596e-01
4.928583769268387593e-01
4.928583774750702196e-01
4.928583780375436763e-01
4.928583786042969872e-01
4.928583791668654790e-01
4.928583797181640969e-01
4.928583802523687218e-01
4.928583807648004855e-01
4.928583812518107510e-01
4.928583817106702014e-01
4.928583821394632580e-01
4.928583825369863836e-01
4.928583829026549901e-01
4.928583832364135664e-01
4.928583835386540768e-01
4.928583838101409098e-01
4.928583840519421555e-01
4.928583842653673219e-01
4.928583844519119350e-01
4.928583846132076340e-01
4.928583847509782068e-01
4.928583848670023970e-01
4.928583849630799318e-01
4.928583850410038214e-01
4.928583851025370999e-01
4.928583851493926193e-01
4.928583851832176732e-01
4.928583852055817283e-01
4.928583852179669322e-01
4.928583852217609529e-01
4.928583852182529812e-01
4.928583852086312889e-01
4.928583851939827842e-01
4.928583851752939005e-01
4.928583851534524829e-01
4.928583851292511198e-01
4.928583851033910279e-01
4.928583850764869378e-01
4.928583850490714791e-01
4.928583850216020079e-01
4.928583849944644935e-01
4.928583849679802342e-01
4.928583849424114094e-01
4.928583849179669629e-01
4.928583848948071555e-01
4.928583848730500594e-01
4.928583848527757771e-01
4.928583848340313822e-01
4.928583848168360260e-01
4.928583848011840463e-01
4.928583847870500190e-01
4.928583847743912560e-01
4.928583847631513026e-01
4.928583847532630458e-01
4.928583847446517119e-01
