4.664885568430772733e-01
4.664980394643662431e-01
4.665068659105147120e-01
4.665150658371031711e-01
4.665226699885514083e-01
4.665297097216045685e-01
4.665362165904797798e-01
4.665422219915728030e-01
4.665477568645257089e-01
4.665528514456914744e-01
4.665575350695348456e-01
4.665618360132511855e-01
4.665657813798115838e-01
4.665693970147180014e-01
4.665727074519330220e-01
4.665757358847179570e-01
4.665785041574266878e-01
4.665810327746524599e-01
4.665833409244881103e-01
4.665854465130205853e-01
4.665873662075381567e-01
4.665891154862562562e-01
4.665907086926893710e-01
4.665921590930762752e-01
4.665934789355309920e-01
4.665946795098187549e-01
4.665957712068692920e-01
4.665967635773108912e-01
4.665976653884709169e-01
4.665984846794168917e-01
4.665992288137292276e-01
4.665999045297870573e-01
4.666005179884316623e-01
4.666010748179321710e-01
4.666015801562350962e-01
4.666020386905158079e-01
4.666024546940871209e-01
4.666028320607417679e-01
4.666031743366255147e-01
4.666034847497510518e-01
4.666037662372708450e-01
4.666040214706303479e-01
4.666042528787306409e-01
4.666044626692225639e-01
4.666046528480594091e-01
4.666048252374236927e-01
4.666049814921511274e-01
4.666051231147561595e-01
4.666052514691696462e-01
4.666053677932868182e-01
4.666054732104196745e-01
4.666055687397437923e-01
4.666056553058195999e-01
4.666057337472667155e-01
4.666058048246629064e-01
4.666058692277317288e-01
4.666059275818825736e-01
4.666059804541564660e-01
4.666060283586324076e-01
4.666060717613392250e-01
4.666061110847193882e-01
4.666061467116808803e-01
4.666061789892793077e-01
4.666062082320579507e-01
4.666062347250810594e-01
4.666062587266858741e-01
4.666062804709797396e-01
4.666063001701053481e-01
4.666063180162954294e-01
4.666063341837368150e-01
4.666063488302599760e-01
4.666063620988724625e-01
4.666063741191472380e-01
4.666063850084831155e-01
4.666063948732468436e-01
4.666064038098082234e-01
4.666064119054781356e-01
4.666064192393591936e-01
4.666064258831169598e-01
4.666064319016779427e-01
4.666064373538632015e-01
4.666064422929614430e-01
4.666064467672497718e-01
4.666064508204640915e-01
4.666064544922261526e-01
4.666064578184303535e-01
4.666064608315941276e-01
4.666064635611761879e-01
4.666064660338627434e-01
4.666064682738298441e-01
4.666064703029783600e-01
4.666064721411486427e-01
4.666064738063138151e-01
4.666064753147560196e-01
4.666064766812249576e-01
4.666064779190823297e-01
4.666064790404327867e-01
4.666064800562411685e-01
4.666064809764410293e-01
4.666064818100308931e-01
