3.013134838963780204e-01
3.013134881686631572e-01
3.013134924358193967e-01
3.013134964758470979e-01
3.013135001330924378e-01
3.013135033101156379e-01
3.013135059585067554e-01
3.013135080693902790e-01
3.013135096641908484e-01
3.013135107860783757e-01
3.013135114923747304e-01
3.013135118480831931e-01
3.013135119206021839e-01
3.013135117756121639e-01
3.013135114740603249e-01
3.013135110701329888e-01
3.013135106100792160e-01
3.013135101317386821e-01
3.013135096646243904e-01
3.013135092304215501e-01
3.013135088437736697e-01
3.013135085132435109e-01
3.013135082423571420e-01
3.013135080306548752e-01
3.013135078746937423e-01
3.013135077689584329e-01
3.013135077066593226e-01
3.013135076803996615e-01
3.013135076827119230e-01
3.013135077064655887e-01
3.013135077451575827e-01
3.013135077930987893e-01
3.013135078455119742e-01
3.013135078985575421e-01
3.013135079493051705e-01
3.013135079956633655e-01
3.013135080362835394e-01
3.013135080704483215e-01
3.013135080979536529e-01
3.013135081189944331e-01
3.013135081340555521e-01
3.013135081438160778e-01
3.013135081490657674e-01
3.013135081506365665e-01
3.013135081493487633e-01
3.013135081459711317e-01
3.013135081411930649e-01
3.013135081356080880e-01
3.013135081297063089e-01
3.013135081238743074e-01
3.013135081184001307e-01
3.013135081134823423e-01
3.013135081092417344e-01
3.013135081057340403e-01
3.013135081029629792e-01
3.013135081008928573e-01
3.013135080994600035e-01
3.013135080985831493e-01
3.013135080981715341e-01
3.013135080981326763e-01
3.013135080983773140e-01
3.013135080988227910e-01
3.013135080993967208e-01
3.013135081000375970e-01
3.013135081006954041e-01
3.013135081013314509e-01
3.013135081019180372e-01
3.013135081024364004e-01
3.013135081028764373e-01
3.013135081032339291e-01
3.013135081035107077e-01
3.013135081037120466e-01
3.013135081038458840e-01
3.013135081039217678e-01
3.013135081039499674e-01
3.013135081039406971e-01
3.013135081039035601e-01
3.013135081038475493e-01
3.013135081037801033e-01
3.013135081037074392e-01
3.013135081036348306e-01
3.013135081035659968e-01
3.013135081035035467e-01
3.013135081034492568e-01
3.013135081034039597e-01
3.013135081033677110e-01
3.013135081033404550e-01
3.013135081033210816e-01
3.013135081033089246e-01
3.013135081033027074e-01
3.013135081033013751e-01
3.013135081033037621e-01
3.013135081033088136e-01
3.013135081033156970e-01
3.013135081033234686e-01
3.013135081033315732e-01
3.013135081033396223e-01
3.013135081033470053e-01
3.013135081033535556e-01
3.013135081033591067e-01
