5.472218696990160947e-01
5.486704408631967178e-01
5.523795252741775519e-01
5.571548585383696572e-01
5.612491918186001127e-01
5.640530617784748069e-01
5.656736480654820376e-01
5.664715022023038005e-01
5.668904920832024130e-01
5.672331311351082039e-01
5.676203326068138821e-01
5.680847546853601271e-01
5.686381566607451310e-01
5.693059043410978459e-01
5.701441485716837176e-01
5.712332073649478703e-01
5.726392203103586320e-01
5.743567626382799496e-01
5.762753952497579046e-01
5.782109213147448301e-01
5.799847234072713631e-01
5.814885318112975598e-01
5.826971741164984619e-01
5.836431372617157942e-01
5.843836698673012808e-01
5.849777398888429403e-01
5.854750364441517752e-01
5.859130553987179635e-01
5.863181335939898764e-01
5.867078456322992741e-01
5.870935168039096430e-01
5.874823741111141473e-01
5.878792155978831424e-01
5.882876234826607265e-01
5.887107973932483862e-01
5.891520946104614742e-01
5.896153561357247996e-01
5.901050788724283569e-01
5.906264685787364632e-01
5.911853765827381757e-01
5.917880858177468895e-01
5.924408711715075659e-01
5.931492279655382616e-01
5.939166763060936827e-01
5.947431787580533813e-01
5.956235352330905286e-01
5.965466017288489908e-01
5.974964155701291135e-01
5.984555494371155415e-01
5.994091688423173192e-01
6.003473600820472544e-01
6.012656074523029526e-01
6.021655905675232789e-01
6.030555278611373637e-01
6.039462949983551709e-01
6.048428634344358290e-01
6.057352687965359417e-01
6.065956535348721035e-01
6.073855356184156840e-01
6.080662246421094652e-01
6.085991571810377421e-01
6.089348626550474819e-01
6.089996363454737160e-01
6.086847107036430504e-01
6.078394134369164981e-01
6.062767736328880108e-01
6.037986293138649652e-01
6.002645380933693264e-01
5.958725507177720093e-01
5.914783167636330496e-01
5.879688083814749167e-01
5.855121700942580443e-01
5.838201570369270232e-01
5.826169777053068488e-01
5.817676965263869349e-01
5.812213786849064201e-01
5.809474811194536015e-01
5.809106885233684681e-01
5.810707933504745126e-01
5.813897035519022261e-01
5.818368706498745491e-01
5.823906172568027451e-01
5.830346580174985416e-01
5.837494403660891118e-01
5.844995872544938020e-01
5.852233071208433612e-01
5.858341157118389653e-01
5.862396530660701766e-01
5.863641731884899899e-01
5.861516772274977249e-01
5.855413704210712389e-01
5.844245535791735557e-01
5.825949882829239979e-01
5.797255584859710709e-01
5.755027112518850130e-01
5.700774262664208836e-01
5.644887083920392401e-01
5.602741344904660359e-01
5.581934062604873015e-01
5.571049735619937326e-01
