2.623581406957025686e-01
2.623584799848815430e-01
2.623588068563392772e-01
2.623591217596927816e-01
2.623594251286304746e-01
2.623597173814509742e-01
2.623599989215860129e-01
2.623602701381076985e-01
2.623605314062187333e-01
2.623607830877283109e-01
2.623610255315124151e-01
2.623612590739599626e-01
2.623614840394042913e-01
2.623617007405411039e-01
2.623619094788331441e-01
2.623621105449011059e-01
2.623623042189026644e-01
2.623624907708985710e-01
2.623626704612067040e-01
2.623628435407447390e-01
2.623630102513609397e-01
2.623631708261547346e-01
2.623633254897855260e-01
2.623634744587718393e-01
2.623636179417802028e-01
2.623637561399041473e-01
2.623638892469335460e-01
2.623640174496152944e-01
2.623641409279043324e-01
2.623642598552068383e-01
2.623643743986143750e-01
2.623644847191300977e-01
2.623645909718874125e-01
2.623646933063608633e-01
2.623647918665695244e-01
2.623648867912733440e-01
2.623649782141627695e-01
2.623650662640419906e-01
2.623651510650045759e-01
2.623652327366046144e-01
2.623653113940201953e-01
2.623653871482123923e-01
2.623654601060776970e-01
2.623655303705958453e-01
2.623655980409713706e-01
2.623656632127712718e-01
2.623657259780569628e-01
2.623657864255117267e-01
2.623658446405639499e-01
2.623659007055049730e-01
2.623659546996043868e-01
2.623660066992193896e-01
2.623660567779012021e-01
2.623661050064978184e-01
2.623661514532522609e-01
2.623661961838982815e-01
2.623662392617514549e-01
2.623662807477980530e-01
2.623663207007801978e-01
2.623663591772776860e-01
2.623663962317878684e-01
2.623664319168009795e-01
2.623664662828745220e-01
2.623664993787037103e-01
2.623665312511897496e-01
2.623665619455057274e-01
2.623665915051601183e-01
2.623666199720576797e-01
2.623666473865584603e-01
2.623666737875346433e-01
2.623666992124248365e-01
2.623667236972873629e-01
2.623667472768501652e-01
2.623667699845605439e-01
2.623667918526316756e-01
2.623668129120882986e-01
2.623668331928105113e-01
2.623668527235754611e-01
2.623668715320984224e-01
2.623668896450716548e-01
2.623669070882020393e-01
2.623669238862474939e-01
2.623669400630518900e-01
2.623669556415786364e-01
2.623669706439431537e-01
2.623669850914442381e-01
2.623669990045942035e-01
2.623670124031475259e-01
2.623670253061291535e-01
2.623670377318610969e-01
2.623670496979887412e-01
2.623670612215054376e-01
2.623670723187767617e-01
2.623670830055636616e-01
2.623670932970444958e-01
2.623671032078369603e-01
2.623671127520185165e-01
2.623671219431463753e-01
2.623671307942767039e-01
2.623671393179829447e-01
