1.975975780843162444e-01
1.972036112066833935e-01
1.981017087456296288e-01
1.987583186818652758e-01
1.993006597552087200e-01
2.001191777356702284e-01
2.002925380784853493e-01
1.992209615956533342e-01
1.976687560762463158e-01
1.971815285855483546e-01
1.980385948978169719e-01
1.987330781127350232e-01
1.992556469071135594e-01
2.000761181342409212e-01
2.003169793280856759e-01
1.993159232402207659e-01
1.977446883575930681e-01
1.971654662400470492e-01
1.979739668020257803e-01
1.987076936232959057e-01
1.992127600862440284e-01
2.000310513905285970e-01
2.003363510737614372e-01
1.994077356318214034e-01
1.978243486291410558e-01
1.971555736866749675e-01
1.979088457356354969e-01
1.986818642245128941e-01
1.991721353084243973e-01
1.999845138716706550e-01
2.003507209634255992e-01
1.994957052415351761e-01
1.979070296678023533e-01
1.971518645093833511e-01
1.978440943671486985e-01
1.986553577285135042e-01
1.991339303135947203e-01
1.999371086432048250e-01
2.003602736220543301e-01
1.995792251692893593e-01
1.979918768946196672e-01
1.971541085527293014e-01
1.977805017630543671e-01
1.986278696832345925e-01
1.990980503092922016e-01
1.998892464501373645e-01
2.003652799783839367e-01
1.996580609580739796e-01
1.980782936627239754e-01
1.971619996380042372e-01
1.977186276768918283e-01
1.985991080296952427e-01
1.990643240957839788e-01
1.998412237464939623e-01
2.003660371752200020e-01
1.997321910521578370e-01
1.981658418727666737e-01
1.971751885353531242e-01
1.976588443484491864e-01
1.985687683000030013e-01
1.990324798716431032e-01
1.997931743016894413e-01
2.003628137758250993e-01
1.998017953828267745e-01
1.982543289308305867e-01
1.971933882088865997e-01
1.976013482875636773e-01
1.985365449533756654e-01
1.990022251164840772e-01
1.997451272930025612e-01
2.003558175375104167e-01
1.998671435770061899e-01
1.983437346331314854e-01
1.972164038399600305e-01
1.975462304137302894e-01
1.985021227183146331e-01
1.989732626241534907e-01
1.996970320838497015e-01
2.003451755656951994e-01
1.999285322017541056e-01
1.984341771019956235e-01
1.972441645210688543e-01
1.974935353226374424e-01
1.984651776420152669e-01
1.989453219359457181e-01
1.996488083191204355e-01
2.003309350718615045e-01
1.999862170448879761e-01
1.985258366723166301e-01
1.972767169850244695e-01
1.974433238298309301e-01
1.984253832561605757e-01
1.989181679232034650e-01
1.996003823114849141e-01
2.003130746554083741e-01
2.000403717682944504e-01
1.986188927808643645e-01
1.973142106482891345e-01
1.973957220723768780e-01
1.983824278372420258e-01
