5.577941343110228711e-01
5.577941343110228711e-01
5.577941343110228711e-01
5.577941343110228711e-01
5.577941343110228711e-01
5.577941343110228711e-01
5.577941343110228711e-01
5.577941343110228711e-01
5.577941343110228711e-01
5.577941343110228711e-01
5.577941343110228711e-01
5.577941343110228711e-01
5.577941343110228711e-01
5.577941343110228711e-01
5.577941343110228711e-01
5.577941343110228711e-01
5.577941343110228711e-01
5.577941343110228711e-01
5.577941343110228711e-01
5.577941343110228711e-01
5.577941343110228711e-01
5.577941343110228711e-01
5.577941343110228711e-01
5.577941343110228711e-01
5.577941343110228711e-01
5.577941343110228711e-01
5.577941343110228711e-01
5.577941343110228711e-01
5.577941343110228711e-01
5.577941343110228711e-01
5.577941343110228711e-01
5.577941343110228711e-01
5.577941343110228711e-01
5.577941343110228711e-01
5.577941343110228711e-01
5.577941343110228711e-01
5.577941343110229822e-01
5.577941343110228711e-01
5.577941343110228711e-01
5.577941343110228711e-01
5.577941343110228711e-01
5.577941343110228711e-01
5.577941343110228711e-01
5.577941343110228711e-01
5.577941343110228711e-01
5.577941343110228711e-01
5.577941343110228711e-01
5.577941343110228711e-01
5.577941343110228711e-01
5.577941343110228711e-01
5.577941343110228711e-01
5.577941343110228711e-01
5.577941343110228711e-01
5.577941343110228711e-01
5.577941343110228711e-01
5.577941343110228711e-01
5.577941343110228711e-01
5.577941343110228711e-01
5.577941343110228711e-01
5.577941343110228711e-01
5.577941343110228711e-01
5.577941343110228711e-01
5.577941343110228711e-01
5.577941343110228711e-01
5.577941343110228711e-01
5.577941343110228711e-01
5.577941343110228711e-01
5.577941343110228711e-01
5.577941343110228711e-01
5.577941343110228711e-01
5.577941343110228711e-01
5.577941343110228711e-01
5.577941343110228711e-01
5.577941343110228711e-01
5.577941343110228711e-01
5.577941343110228711e-01
5.577941343110228711e-01
5.577941343110228711e-01
5.577941343110228711e-01
5.577941343110228711e-01
5.577941343110228711e-01
5.577941343110228711e-01
5.577941343110228711e-01
5.577941343110228711e-01
5.577941343110228711e-01
5.577941343110228711e-01
5.577941343110228711e-01
5.577941343110228711e-01
5.577941343110228711e-01
5.577941343110228711e-01
5.577941343110228711e-01
5.577941343110228711e-01
5.577941343110228711e-01
5.577941343110228711e-01
5.577941343110228711e-01
5.577941343110228711e-01
5.577941343110228711e-01
5.577941343110228711e-01
5.577941343110228711e-01
5.577941343110228711e-01
