5.904858791902509729e-01
5.905174885194096612e-01
5.904645496639234770e-01
5.903179608208122264e-01
5.900643608617150981e-01
5.896843203478245865e-01
5.891489658208490798e-01
5.884143472070578751e-01
5.874166657748793874e-01
5.860821700855576299e-01
5.843734154261019942e-01
5.823686143924469150e-01
5.803020646229689605e-01
5.784772014595210843e-01
5.771086067815922593e-01
5.762433185249175027e-01
5.757989003060698385e-01
5.756455870605583502e-01
5.756658914496819435e-01
5.757763241203788240e-01
5.759254229474921605e-01
5.760842306652521616e-01
5.762375252501145129e-01
5.763779189795603664e-01
5.765023816876297946e-01
5.766102873755983849e-01
5.767023124511659882e-01
5.767797977024829992e-01
5.768443706926718040e-01
5.768977223931850418e-01
5.769414791909883711e-01
5.769771349259233961e-01
5.770060204515273794e-01
5.770292960293436080e-01
5.770479569811217679e-01
5.770628464548654968e-01
5.770746714549036538e-01
5.770840197967671559e-01
5.770913766246643650e-01
5.770971397501719613e-01
5.771016334581368090e-01
5.771051206622876961e-01
5.771078134329161724e-01
5.771098819974768146e-01
5.771114623547434208e-01
5.771126626588715114e-01
5.771135685307802188e-01
5.771142474467603201e-01
5.771147523420512293e-01
5.771151245528226559e-01
5.771153962051236430e-01
5.771155921448821724e-01
5.771157314895205559e-01
5.771158288694795413e-01
5.771158954170365618e-01
5.771159395502708511e-01
5.771159675917969523e-01
5.771159842548712060e-01
5.771159930235403301e-01
5.771159964485281790e-01
5.771159963764227463e-01
5.771159941262991033e-01
5.771159906251125404e-01
5.771159865109027898e-01
5.771159822109829252e-01
5.771159780007861784e-01
5.771159740478375433e-01
5.771159704443393768e-01
5.771159672311011457e-01
5.771159644149216339e-01
5.771159619810601882e-01
5.771159599020435627e-01
5.771159581437697028e-01
5.771159566696323351e-01
5.771159554432125915e-01
5.771159544299498956e-01
5.771159535980947553e-01
5.771159529191698390e-01
5.771159523680994274e-01
5.771159519231294777e-01
5.771159515656170136e-01
5.771159512797522373e-01
5.771159510522470004e-01
5.771159508720227205e-01
5.771159507299081781e-01
5.771159506183602961e-01
5.771159505312124516e-01
5.771159504634516546e-01
5.771159504110237037e-01
5.771159503706670968e-01
5.771159503397695900e-01
5.771159503162498483e-01
5.771159502984567480e-01
5.771159502850864431e-01
5.771159502751143089e-01
5.771159502677386532e-01
5.771159502623351978e-01
5.771159502584204404e-01
5.771159502556214571e-01
5.771159502536522545e-01
