4.620455193891791490e-01
4.620454756279958053e-01
4.620454354068211922e-01
4.620453984392768332e-01
4.620453644621532741e-01
4.620453332335362484e-01
4.620453045310826679e-01
4.620452781504376660e-01
4.620452539037788187e-01
4.620452316184782138e-01
4.620452111358736569e-01
4.620451923101383529e-01
4.620451750072427366e-01
4.620451591039992922e-01
4.620451444871866986e-01
4.620451310527418642e-01
4.620451187050207964e-01
4.620451073561159250e-01
4.620450969252312134e-01
4.620450873381065082e-01
4.620450785264887950e-01
4.620450704276463094e-01
4.620450629839218393e-01
4.620450561423221081e-01
4.620450498541407436e-01
4.620450440746112775e-01
4.620450387625885114e-01
4.620450338802555290e-01
4.620450293928544672e-01
4.620450252684393244e-01
4.620450214776476439e-01
4.620450179934927903e-01
4.620450147911707162e-01
4.620450118478841017e-01
4.620450091426792638e-01
4.620450066562979408e-01
4.620450043710395138e-01
4.620450022706349413e-01
4.620450003401316841e-01
4.620449985657861802e-01
4.620449969349668673e-01
4.620449954360642542e-01
4.620449940584072657e-01
4.620449927921885247e-01
4.620449916283937419e-01
4.620449905587379336e-01
4.620449895756061909e-01
4.620449886719995569e-01
4.620449878414853995e-01
4.620449870781512258e-01
4.620449863765627163e-01
4.620449857317255327e-01
4.620449851390489027e-01
4.620449845943137013e-01
4.620449840936418084e-01
4.620449836334691307e-01
4.620449832105196220e-01
4.620449828217823574e-01
4.620449824644898840e-01
4.620449821360986253e-01
4.620449818342707848e-01
4.620449815568577479e-01
4.620449813018843166e-01
4.620449810675357205e-01
4.620449808521434054e-01
4.620449806541741533e-01
4.620449804722185361e-01
4.620449803049812010e-01
4.620449801512716004e-01
4.620449800099954429e-01
4.620449798801470886e-01
4.620449797608021658e-01
4.620449796511109652e-01
4.620449795502926671e-01
4.620449794576294567e-01
4.620449793724618059e-01
4.620449792941832001e-01
4.620449792222366958e-01
4.620449791561098141e-01
4.620449790953318758e-01
4.620449790394702827e-01
4.620449789881273528e-01
4.620449789409374342e-01
4.620449788975646843e-01
4.620449788577004058e-01
4.620449788210607145e-01
4.620449787873848191e-01
4.620449787564328559e-01
4.620449787279846676e-01
4.620449787018376386e-01
4.620449786778054735e-01
4.620449786557174754e-01
4.620449786354159372e-01
4.620449786167568074e-01
4.620449785996069147e-01
4.620449785838441903e-01
4.620449785693566680e-01
4.620449785560409306e-01
4.620449785438022761e-01
4.620449785325537184e-01
