4.201757145907590862e-01
4.201758299530312657e-01
4.201759307950176936e-01
4.201759348385208925e-01
4.201758515258417481e-01
4.201757615507838439e-01
4.201757400656130348e-01
4.201757950608010495e-01
4.201758699753855852e-01
4.201758995299785804e-01
4.201758651110915066e-01
4.201758037948279401e-01
4.201757699025709392e-01
4.201757875352836180e-01
4.201758347269902716e-01
4.201758680180753269e-01
4.201758614871246578e-01
4.201758258516112288e-01
4.201757945263949745e-01
4.201757927615819566e-01
4.201758178064824434e-01
4.201758450466343553e-01
4.201758514443725834e-01
4.201758344436878900e-01
4.201758112714256144e-01
4.201758019137835642e-01
4.201758121460877349e-01
4.201758306947052102e-01
4.201758409413773321e-01
4.201758354527023731e-01
4.201758208853985099e-01
4.201758105206233052e-01
4.201758123274527135e-01
4.201758230790120230e-01
4.201758325719544551e-01
4.201758330559948740e-01
4.201758253291374978e-01
4.201758168981916119e-01
4.201758148238336488e-01
4.201758199210172129e-01
4.201758269421378422e-01
4.201758297672922304e-01
4.201758266040887535e-01
4.201758208795208782e-01
4.201758176766620667e-01
4.201758192872798725e-01
4.201758236936760094e-01
4.201758268366544979e-01
4.201758262658435994e-01
4.201758229520723420e-01
4.201758200104408481e-01
4.201758198193157323e-01
4.201758221474876098e-01
4.201758247052703732e-01
4.201758253283996436e-01
4.201758237571766030e-01
4.201758215897803961e-01
4.201758206998587042e-01
4.201758216433149062e-01
4.201758233782407204e-01
4.201758243496890866e-01
4.201758238509663568e-01
4.201758224934191710e-01
4.201758215174951627e-01
4.201758216764591713e-01
4.201758226781790451e-01
4.201758235715054024e-01
4.201758236264851454e-01
4.201758229097943831e-01
4.201758221197028353e-01
4.201758219194988708e-01
4.201758223917182455e-01
4.201758230495701851e-01
4.201758233193658709e-01
4.201758230286656293e-01
4.201758224941629649e-01
4.201758221914596581e-01
4.201758223384011171e-01
4.201758227497258691e-01
4.201758230463298327e-01
4.201758229966234270e-01
4.201758226884496072e-01
4.201758224121862062e-01
4.201758223918254931e-01
4.201758226081799830e-01
4.201758228482820323e-01
4.201758229088318197e-01
4.201758227636130938e-01
4.201758225608712705e-01
4.201758224762389138e-01
4.201758225631757049e-01
4.201758227254098199e-01
4.201758228174594101e-01
4.201758227721629768e-01
4.201758226456427381e-01
4.201758225537449709e-01
4.201758225676564540e-01
4.201758226609608737e-01
4.201758227450009819e-01
4.201758227510360988e-01
