4.107288586929274676e-01
4.107288586929274676e-01
4.107288586929275787e-01
4.107288586929274676e-01
4.107288586929274676e-01
4.107288586929275787e-01
4.107288586929275787e-01
4.107288586929276897e-01
4.107288586929275787e-01
4.107288586929275787e-01
4.107288586929275787e-01
4.107288586929275787e-01
4.107288586929275787e-01
4.107288586929275787e-01
4.107288586929275787e-01
4.107288586929275787e-01
4.107288586929275787e-01
4.107288586929275787e-01
4.107288586929275787e-01
4.107288586929275231e-01
4.107288586929275231e-01
4.107288586929275787e-01
4.107288586929275787e-01
4.107288586929275787e-01
4.107288586929275787e-01
4.107288586929275231e-01
4.107288586929275231e-01
4.107288586929275231e-01
4.107288586929275787e-01
4.107288586929275787e-01
4.107288586929275787e-01
4.107288586929275787e-01
4.107288586929275787e-01
4.107288586929275787e-01
4.107288586929275787e-01
4.107288586929275787e-01
4.107288586929275787e-01
4.107288586929275787e-01
4.107288586929275787e-01
4.107288586929275787e-01
4.107288586929275787e-01
4.107288586929275787e-01
4.107288586929275787e-01
4.107288586929275787e-01
4.107288586929275787e-01
4.107288586929275787e-01
4.107288586929275787e-01
4.107288586929275787e-01
4.107288586929275787e-01
4.107288586929275787e-01
4.107288586929275787e-01
4.107288586929275787e-01
4.107288586929275787e-01
4.107288586929275787e-01
4.107288586929275787e-01
4.107288586929275787e-01
4.107288586929275787e-01
4.107288586929275787e-01
4.107288586929275787e-01
4.107288586929275787e-01
4.107288586929275787e-01
4.107288586929275787e-01
4.107288586929275787e-01
4.107288586929275787e-01
4.107288586929275787e-01
4.107288586929275787e-01
4.107288586929275787e-01
4.107288586929275787e-01
4.107288586929275231e-01
4.107288586929275787e-01
4.107288586929275787e-01
4.107288586929275787e-01
4.107288586929275231e-01
4.107288586929275787e-01
4.107288586929275231e-01
4.107288586929275231e-01
4.107288586929274676e-01
4.107288586929274676e-01
4.107288586929275231e-01
4.107288586929275787e-01
4.107288586929274676e-01
4.107288586929275787e-01
4.107288586929275787e-01
4.107288586929275787e-01
4.107288586929275787e-01
4.107288586929275787e-01
4.107288586929275787e-01
4.107288586929275787e-01
4.107288586929275231e-01
4.107288586929275231e-01
4.107288586929275787e-01
4.107288586929275231e-01
4.107288586929274676e-01
4.107288586929275231e-01
4.107288586929275787e-01
4.107288586929275231e-01
4.107288586929275787e-01
4.107288586929275231e-01
4.107288586929275787e-01
4.107288586929275787e-01
