5.176313600989952413e-01
5.176311358812618613e-01
5.176309403005315835e-01
5.176307696992326068e-01
5.176306208869558834e-01
5.176304910807849602e-01
5.176303778532481692e-01
5.176302790869187209e-01
5.176301929348139375e-01
5.176301177858518843e-01
5.176300522347212496e-01
5.176299950555985907e-01
5.176299451792246709e-01
5.176299016729052349e-01
5.176298637230707378e-01
5.176298306200597388e-01
5.176298017448485167e-01
5.176297765574741083e-01
5.176297545869370520e-01
5.176297354223928782e-01
5.176297187054695881e-01
5.176297041235653484e-01
5.176296914040028341e-01
5.176296803089307508e-01
5.176296706308753937e-01
5.176296621888606397e-01
5.176296548250244323e-01
5.176296484016660315e-01
5.176296427986712967e-01
5.176296379112668156e-01
5.176296336480604721e-01
5.176296299293321468e-01
5.176296266855435757e-01
5.176296238560375018e-01
5.176296213879032493e-01
5.176296192349882919e-01
5.176296173570340553e-01
5.176296157189238523e-01
5.176296142900256303e-01
5.176296130436199849e-01
5.176296119563997822e-01
5.176296110080342849e-01
5.176296101807900119e-01
5.176296094591975594e-01
5.176296088297636100e-01
5.176296082807182453e-01
5.176296078017943447e-01
5.176296073840366274e-01
5.176296070196330090e-01
5.176296067017693847e-01
5.176296064245018425e-01
5.176296061826457517e-01
5.176296059716782860e-01
5.176296057876547119e-01
5.176296056271336710e-01
5.176296054871137864e-01
5.176296053649765971e-01
5.176296052584381524e-01
5.176296051655063790e-01
5.176296050844433339e-01
5.176296050137333404e-01
5.176296049520542342e-01
5.176296048982522713e-01
5.176296048513218118e-01
5.176296048103851133e-01
5.176296047746765661e-01
5.176296047435285930e-01
5.176296047163586600e-01
5.176296046926588401e-01
5.176296046719857102e-01
5.176296046539530238e-01
5.176296046382233840e-01
5.176296046245024707e-01
5.176296046125341555e-01
5.176296046020941732e-01
5.176296045929876799e-01
5.176296045850441452e-01
5.176296045781152433e-01
5.176296045720711891e-01
5.176296045667989620e-01
5.176296045622003072e-01
5.176296045581887384e-01
5.176296045546896485e-01
5.176296045516374233e-01
5.176296045489749975e-01
5.176296045466526330e-01
5.176296045446269201e-01
5.176296045428598891e-01
5.176296045413185665e-01
5.176296045399739754e-01
5.176296045388012468e-01
5.176296045377781763e-01
5.176296045368856680e-01
5.176296045361072906e-01
5.176296045354283892e-01
5.176296045348360853e-01
5.176296045343194985e-01
5.176296045338688590e-01
5.176296045334757290e-01
5.176296045331328921e-01
