5.077169539111958674e-01
5.018818698396738665e-01
4.962589742933325998e-01
4.989163648702364395e-01
5.054521842738687321e-01
5.036931659607385425e-01
4.976017548563783088e-01
4.964016160420202661e-01
5.034330646831355338e-01
5.076051667765311137e-01
5.015380798684294650e-01
4.961511291221192277e-01
4.994729683632166406e-01
5.057342416692306442e-01
5.030693045319079015e-01
4.971981321913853114e-01
4.967817330080487870e-01
5.038715854245801040e-01
5.072067279815525298e-01
5.009559124802895891e-01
4.960224659472164954e-01
5.001897953367842042e-01
5.061444754844585114e-01
5.025223167790445755e-01
4.968494312627959042e-01
4.972732878067637197e-01
5.043258059215016686e-01
5.064555416291692813e-01
5.000602382551189162e-01
4.959063693498353964e-01
5.011378033772355689e-01
5.067799230165195290e-01
5.021559785710437707e-01
4.965551060556520069e-01
4.978504063820926584e-01
5.047931218641336093e-01
5.054160584690464697e-01
4.989951373161256032e-01
4.959165994350027695e-01
5.021522664282384030e-01
5.074445895799911677e-01
5.020374273594380155e-01
4.963692905323238147e-01
4.983953300471488101e-01
5.051723711366667979e-01
5.044610648180252177e-01
4.981625363908939175e-01
4.960998126345759762e-01
5.029059603894818764e-01
5.077152594431116883e-01
5.018900548352596136e-01
4.962623714593755175e-01
4.988988881670494702e-01
5.054434580100515273e-01
5.037159634236820782e-01
4.976171911689328264e-01
4.963902615263132145e-01
5.034176249762469801e-01
5.076136157221399214e-01
5.015532994875466777e-01
4.961551583168097301e-01
4.994519729772436412e-01
5.057231891988703820e-01
5.030894479572260991e-01
4.972107766251475658e-01
4.967670702251877901e-01
5.038566236670076748e-01
5.072256313863691135e-01
5.009806749815404192e-01
4.960270587085903182e-01
5.001615777844576893e-01
5.061270338523765622e-01
5.025389988384781903e-01
4.968606447504061996e-01
4.972546095427966550e-01
5.043097789052121138e-01
5.064874041077109812e-01
5.000956422025090164e-01
4.959090283155422330e-01
5.011024180034790998e-01
5.067551301229232807e-01
5.021637527961457792e-01
4.965636483955281344e-01
4.978306234531899022e-01
5.047779265003576876e-01
5.054522232501459378e-01
4.990294661820262045e-01
4.959131012901689672e-01
5.021207224660599877e-01
5.074270671476263095e-01
5.020400911976150571e-01
4.963737581366113871e-01
4.983778374631345209e-01
5.051617266646580839e-01
5.044898129953050425e-01
4.981853820638582064e-01
4.960914745819559601e-01
5.028853171409460865e-01
5.077131387949154195e-01
5.018980120903039355e-01
