4.130787118634390853e-01
4.130787118634390853e-01
4.130787118634390853e-01
4.130787118634390853e-01
4.130787118634391408e-01
4.130787118634391408e-01
4.130787118634391408e-01
4.130787118634392519e-01
4.130787118634391408e-01
4.130787118634390853e-01
4.130787118634391408e-01
4.130787118634392519e-01
4.130787118634391408e-01
4.130787118634391408e-01
4.130787118634392519e-01
4.130787118634390853e-01
4.130787118634392519e-01
4.130787118634392519e-01
4.130787118634392519e-01
4.130787118634391408e-01
4.130787118634390853e-01
4.130787118634391408e-01
4.130787118634391408e-01
4.130787118634392519e-01
4.130787118634392519e-01
4.130787118634392519e-01
4.130787118634391408e-01
4.130787118634392519e-01
4.130787118634392519e-01
4.130787118634391408e-01
4.130787118634390853e-01
4.130787118634391408e-01
4.130787118634390853e-01
4.130787118634390853e-01
4.130787118634392519e-01
4.130787118634392519e-01
4.130787118634393074e-01
4.130787118634393074e-01
4.130787118634392519e-01
4.130787118634393074e-01
4.130787118634392519e-01
4.130787118634392519e-01
4.130787118634392519e-01
4.130787118634392519e-01
4.130787118634392519e-01
4.130787118634392519e-01
4.130787118634392519e-01
4.130787118634392519e-01
4.130787118634392519e-01
4.130787118634391408e-01
4.130787118634390853e-01
4.130787118634391408e-01
4.130787118634391408e-01
4.130787118634391408e-01
4.130787118634392519e-01
4.130787118634392519e-01
4.130787118634392519e-01
4.130787118634392519e-01
4.130787118634392519e-01
4.130787118634393074e-01
4.130787118634392519e-01
4.130787118634392519e-01
4.130787118634392519e-01
4.130787118634393074e-01
4.130787118634393074e-01
4.130787118634392519e-01
4.130787118634392519e-01
4.130787118634392519e-01
4.130787118634392519e-01
4.130787118634392519e-01
4.130787118634391408e-01
4.130787118634392519e-01
4.130787118634392519e-01
4.130787118634392519e-01
4.130787118634392519e-01
4.130787118634392519e-01
4.130787118634393074e-01
4.130787118634392519e-01
4.130787118634391408e-01
4.130787118634392519e-01
4.130787118634393074e-01
4.130787118634392519e-01
4.130787118634392519e-01
4.130787118634392519e-01
4.130787118634392519e-01
4.130787118634392519e-01
4.130787118634392519e-01
4.130787118634392519e-01
4.130787118634392519e-01
4.130787118634393074e-01
4.130787118634393074e-01
4.130787118634393074e-01
4.130787118634393074e-01
4.130787118634393074e-01
4.130787118634393074e-01
4.130787118634392519e-01
4.130787118634393074e-01
4.130787118634392519e-01
4.130787118634392519e-01
4.130787118634392519e-01
