2.450155728330125349e-01
2.450155728330324634e-01
2.450155728330489224e-01
2.450155728330625782e-01
2.450155728330737637e-01
2.450155728330830063e-01
2.450155728330904725e-01
2.450155728330966343e-01
2.450155728331014637e-01
2.450155728331053218e-01
2.450155728331085137e-01
2.450155728331109561e-01
2.450155728331128713e-01
2.450155728331143978e-01
2.450155728331155636e-01
2.450155728331164240e-01
2.450155728331171456e-01
2.450155728331175897e-01
2.450155728331179505e-01
2.450155728331182003e-01
2.450155728331183391e-01
2.450155728331185612e-01
2.450155728331185889e-01
2.450155728331186444e-01
2.450155728331186722e-01
2.450155728331185889e-01
2.450155728331185889e-01
2.450155728331185889e-01
2.450155728331185612e-01
2.450155728331185334e-01
2.450155728331184224e-01
2.450155728331183946e-01
2.450155728331183391e-01
2.450155728331183114e-01
2.450155728331183114e-01
2.450155728331183114e-01
2.450155728331183114e-01
2.450155728331182836e-01
2.450155728331182836e-01
2.450155728331182281e-01
2.450155728331182281e-01
2.450155728331182281e-01
2.450155728331182281e-01
2.450155728331182003e-01
2.450155728331181726e-01
2.450155728331182003e-01
2.450155728331181726e-01
2.450155728331182003e-01
2.450155728331182003e-01
2.450155728331182281e-01
2.450155728331182003e-01
2.450155728331182003e-01
2.450155728331181726e-01
2.450155728331182281e-01
2.450155728331182281e-01
2.450155728331181726e-01
2.450155728331182281e-01
2.450155728331182003e-01
2.450155728331182281e-01
2.450155728331181726e-01
2.450155728331181726e-01
2.450155728331181726e-01
2.450155728331181726e-01
2.450155728331181726e-01
2.450155728331181726e-01
2.450155728331181726e-01
2.450155728331181726e-01
2.450155728331181726e-01
2.450155728331182003e-01
2.450155728331181726e-01
2.450155728331181726e-01
2.450155728331181726e-01
2.450155728331181726e-01
2.450155728331181726e-01
2.450155728331181726e-01
2.450155728331181726e-01
2.450155728331181726e-01
2.450155728331181726e-01
2.450155728331182003e-01
2.450155728331181726e-01
2.450155728331181726e-01
2.450155728331181726e-01
2.450155728331181726e-01
2.450155728331182281e-01
2.450155728331182281e-01
2.450155728331181726e-01
2.450155728331181726e-01
2.450155728331181171e-01
2.450155728331181726e-01
2.450155728331181726e-01
2.450155728331181171e-01
2.450155728331181171e-01
2.450155728331181726e-01
2.450155728331181171e-01
2.450155728331181726e-01
2.450155728331181726e-01
2.450155728331181726e-01
2.450155728331181726e-01
2.450155728331181726e-01
2.450155728331181726e-01
