5.812628814272273736e-01
5.812628814272272626e-01
5.812628814272272626e-01
5.812628814272272626e-01
5.812628814272272626e-01
5.812628814272272626e-01
5.812628814272272626e-01
5.812628814272272626e-01
5.812628814272272626e-01
5.812628814272272626e-01
5.812628814272272626e-01
5.812628814272272626e-01
5.812628814272272626e-01
5.812628814272272626e-01
5.812628814272272626e-01
5.812628814272272626e-01
5.812628814272272626e-01
5.812628814272272626e-01
5.812628814272272626e-01
5.812628814272272626e-01
5.812628814272272626e-01
5.812628814272272626e-01
5.812628814272272626e-01
5.812628814272272626e-01
5.812628814272272626e-01
5.812628814272272626e-01
5.812628814272272626e-01
5.812628814272272626e-01
5.812628814272272626e-01
5.812628814272272626e-01
5.812628814272272626e-01
5.812628814272272626e-01
5.812628814272272626e-01
5.812628814272272626e-01
5.812628814272272626e-01
5.812628814272272626e-01
5.812628814272272626e-01
5.812628814272272626e-01
5.812628814272272626e-01
5.812628814272272626e-01
5.812628814272272626e-01
5.812628814272272626e-01
5.812628814272272626e-01
5.812628814272272626e-01
5.812628814272272626e-01
5.812628814272272626e-01
5.812628814272272626e-01
5.812628814272272626e-01
5.812628814272272626e-01
5.812628814272272626e-01
5.812628814272272626e-01
5.812628814272272626e-01
5.812628814272272626e-01
5.812628814272272626e-01
5.812628814272272626e-01
5.812628814272272626e-01
5.812628814272272626e-01
5.812628814272272626e-01
5.812628814272272626e-01
5.812628814272272626e-01
5.812628814272272626e-01
5.812628814272272626e-01
5.812628814272272626e-01
5.812628814272272626e-01
5.812628814272272626e-01
5.812628814272272626e-01
5.812628814272272626e-01
5.812628814272272626e-01
5.812628814272272626e-01
5.812628814272272626e-01
5.812628814272272626e-01
5.812628814272272626e-01
5.812628814272272626e-01
5.812628814272272626e-01
5.812628814272272626e-01
5.812628814272271516e-01
5.812628814272272626e-01
5.812628814272272626e-01
5.812628814272272626e-01
5.812628814272272626e-01
5.812628814272272626e-01
5.812628814272272626e-01
5.812628814272272626e-01
5.812628814272271516e-01
5.812628814272272626e-01
5.812628814272272626e-01
5.812628814272272626e-01
5.812628814272272626e-01
5.812628814272272626e-01
5.812628814272272626e-01
5.812628814272272626e-01
5.812628814272272626e-01
5.812628814272272626e-01
5.812628814272272626e-01
5.812628814272272626e-01
5.812628814272272626e-01
5.812628814272272626e-01
5.812628814272272626e-01
5.812628814272272626e-01
5.812628814272272626e-01
