3.126465404942982418e-01
3.110027773764080239e-01
3.095460633800267702e-01
3.082555335856006495e-01
3.071260316502668064e-01
3.061769799167995965e-01
3.054597382538322692e-01
3.050633077023919837e-01
3.051159221217673578e-01
3.057801769261729863e-01
3.072389831594685705e-01
3.096590650847189097e-01
3.130954615924020912e-01
3.173375293519762885e-01
3.218974835977832516e-01
3.262633735524728129e-01
3.299423262901388099e-01
3.325299207725826989e-01
3.339464447641839473e-01
3.343149417182142979e-01
3.338160085588653958e-01
3.326403636925417961e-01
3.309702119454680513e-01
3.289615571843252928e-01
3.267320748195062241e-01
3.243638591143723771e-01
3.219258339247556000e-01
3.195013211743916171e-01
3.171858386598044866e-01
3.150545175246052265e-01
3.131412212354022784e-01
3.114435171542129233e-01
3.099397017315984604e-01
3.086068037486518478e-01
3.074345011647421910e-01
3.064347480513324729e-01
3.056494098595741726e-01
3.051565910540595117e-01
3.050736446471876140e-01
3.055542875103873790e-01
3.067776386174146941e-01
3.089203888004112830e-01
3.120815098933311105e-01
3.161354530554462694e-01
3.206526755290880493e-01
3.251072496767135056e-01
3.290144880686960982e-01
3.319150909091549972e-01
3.336399801559886136e-01
3.342751397539590053e-01
3.339923990102443008e-01
3.329816221552664990e-01
3.314290201951173853e-01
3.294992416928532175e-01
3.273207614071600435e-01
3.249838944785100048e-01
3.225583061918508854e-01
3.201222749855056060e-01
3.177708127368907287e-01
3.155874962537019157e-01
3.136172964494926552e-01
3.118658351776283366e-01
3.103146468780710321e-01
3.089396024060965806e-01
3.077260807571046697e-01
3.066795058635672921e-01
3.058333087528414262e-01
3.052556964993916599e-01
3.050537935945761836e-01
3.053724853536592398e-01
3.063858902997632638e-01
3.082757080289550422e-01
3.111723972661261106e-01
3.150237066244129247e-01
3.194709586594091655e-01
3.239850811446257639e-01
3.280805244177456559e-01
3.312706069913889384e-01
3.332969392577285750e-01
3.341984416946088277e-01
3.341347623724678084e-01
3.332937426907046641e-01
3.318641914316510788e-01
3.300180032945897457e-01
3.278938303899289752e-01
3.255909912129757999e-01
3.231817922039363356e-01
3.207400742976375674e-01
3.183581864314094512e-01
3.161260844968369899e-01
3.140996976981346722e-01
3.122936113970265493e-01
3.106937488588778495e-01
3.092758060238089413e-01
3.080215794466154011e-01
3.069305640561212356e-01
3.060283433782211571e-01
3.053736911467612170e-01
3.050636366168618108e-01
3.052338842699065524e-01
