2.732762547271861409e-01
2.732762547271861409e-01
2.732762547271861964e-01
2.732762547271861409e-01
2.732762547271862519e-01
2.732762547271863074e-01
2.732762547271863629e-01
2.732762547271863074e-01
2.732762547271863074e-01
2.732762547271863074e-01
2.732762547271863074e-01
2.732762547271863074e-01
2.732762547271863074e-01
2.732762547271863629e-01
2.732762547271864184e-01
2.732762547271864184e-01
2.732762547271863629e-01
2.732762547271864739e-01
2.732762547271864739e-01
2.732762547271864184e-01
2.732762547271864739e-01
2.732762547271864739e-01
2.732762547271863629e-01
2.732762547271864184e-01
2.732762547271864739e-01
2.732762547271864739e-01
2.732762547271865294e-01
2.732762547271864739e-01
2.732762547271864739e-01
2.732762547271864739e-01
2.732762547271864739e-01
2.732762547271864739e-01
2.732762547271864739e-01
2.732762547271863629e-01
2.732762547271863629e-01
2.732762547271864184e-01
2.732762547271863629e-01
2.732762547271864739e-01
2.732762547271864739e-01
2.732762547271864739e-01
2.732762547271863629e-01
2.732762547271864739e-01
2.732762547271864184e-01
2.732762547271864184e-01
2.732762547271864184e-01
2.732762547271863629e-01
2.732762547271863629e-01
2.732762547271863629e-01
2.732762547271863074e-01
2.732762547271863074e-01
2.732762547271863074e-01
2.732762547271863074e-01
2.732762547271863074e-01
2.732762547271863629e-01
2.732762547271863074e-01
2.732762547271863074e-01
2.732762547271863629e-01
2.732762547271864184e-01
2.732762547271864184e-01
2.732762547271864739e-01
2.732762547271864739e-01
2.732762547271863629e-01
2.732762547271863629e-01
2.732762547271863629e-01
2.732762547271864184e-01
2.732762547271864184e-01
2.732762547271864184e-01
2.732762547271864184e-01
2.732762547271863074e-01
2.732762547271863629e-01
2.732762547271863629e-01
2.732762547271864184e-01
2.732762547271864739e-01
2.732762547271864739e-01
2.732762547271864739e-01
2.732762547271864739e-01
2.732762547271865294e-01
2.732762547271864739e-01
2.732762547271864739e-01
2.732762547271864739e-01
2.732762547271863629e-01
2.732762547271864739e-01
2.732762547271864739e-01
2.732762547271864739e-01
2.732762547271864739e-01
2.732762547271864739e-01
2.732762547271863629e-01
2.732762547271864184e-01
2.732762547271863629e-01
2.732762547271863629e-01
2.732762547271864184e-01
2.732762547271863074e-01
2.732762547271863074e-01
2.732762547271863074e-01
2.732762547271863074e-01
2.732762547271863629e-01
2.732762547271864184e-01
2.732762547271863629e-01
2.732762547271863629e-01
2.732762547271863074e-01
