2.864566726029412758e-01
2.818087374305379145e-01
2.897312287639935979e-01
2.908531155406546831e-01
2.642350050651123827e-01
2.649595464651002263e-01
2.659756619663253829e-01
2.616343536455388308e-01
2.619732997281433162e-01
2.558506806330971273e-01
2.381852400781302170e-01
2.290599218757629618e-01
2.267593765576148279e-01
2.213135254136605612e-01
2.231087100129948431e-01
2.235755659218594538e-01
2.228828008980973940e-01
2.207463562934622037e-01
2.184962572064710340e-01
2.177413912539832574e-01
2.172673995874913333e-01
2.172699289724948080e-01
2.176637232914411801e-01
2.186273915911166044e-01
2.196305020026963761e-01
2.204433910215924941e-01
2.209679653490173312e-01
2.213049488490791972e-01
2.213497623513055179e-01
2.213874576631436886e-01
2.211771562788016898e-01
2.211947854985044370e-01
2.208349341656107856e-01
2.210200222923929536e-01
2.205309565803819927e-01
2.211324943848510249e-01
2.204854903381577025e-01
2.216295325369294911e-01
2.205581426740234885e-01
2.223179984313131408e-01
2.204622771209761301e-01
2.230706330147968763e-01
2.201499160095421459e-01
2.238310956287078435e-01
2.201577374626882411e-01
2.239603008204376910e-01
2.208634438719669357e-01
2.227448826371307977e-01
2.194001832317363787e-01
2.207940834566936295e-01
2.179998325956836458e-01
2.184675081449253264e-01
2.170762405036205100e-01
2.164173627666969579e-01
2.149791683710022272e-01
2.137558944575279340e-01
2.140419847056529712e-01
2.131876061944446288e-01
2.133973876874059039e-01
2.122632050513028057e-01
2.157857778595881348e-01
2.132649915635510818e-01
2.252405161061531991e-01
2.138579675434830740e-01
2.263919763545297614e-01
2.225646934865685711e-01
2.221686954655915924e-01
2.185234759568676355e-01
2.150716947671258983e-01
2.162358334888965505e-01
2.163776531515183288e-01
2.141475837163795415e-01
2.149504986819086860e-01
2.130796056011599882e-01
2.230110094737665638e-01
2.127278929376941741e-01
2.253881639387417812e-01
2.193857643369983845e-01
2.223146808827379806e-01
2.189569658721972345e-01
2.149570309862337547e-01
2.133855218919895602e-01
2.173622749670020005e-01
2.149276539236744943e-01
2.170172659821330563e-01
2.147331217179857255e-01
2.175170446375058741e-01
2.153508632684841551e-01
2.256407677644607923e-01
2.193376636535914748e-01
2.210672282971329894e-01
2.154187186657719189e-01
2.141097646819961065e-01
2.100383123725945433e-01
2.105636005436163638e-01
2.137557346088726218e-01
2.120670834787926895e-01
2.111253773174539550e-01
2.175097165598333937e-01
2.218027063192131165e-01
