6.043897044264884277e-01
6.035496611615858153e-01
6.001989013894654112e-01
6.017964182641717397e-01
6.033749295847734562e-01
6.043946543497683566e-01
6.009986636132427229e-01
6.021873479798893758e-01
6.039291898584183693e-01
6.045463321946286106e-01
6.010804244805804109e-01
6.014490654302507844e-01
6.035476987001926474e-01
6.047744465127397051e-01
6.023307216416482479e-01
6.006068710073781958e-01
6.027333926088573879e-01
6.037887457461922347e-01
6.037585494909261108e-01
6.010351511656220058e-01
6.025663328441264177e-01
6.041485932589194530e-01
6.034622520798643697e-01
5.999191548792905948e-01
6.010502094827887554e-01
6.028895165953185309e-01
6.044403429056982580e-01
6.009624043140185945e-01
6.012844443773548431e-01
6.037780627062800942e-01
6.049804318134370806e-01
6.025832193735878306e-01
6.002167226639317787e-01
6.021947535512147676e-01
6.034365313695562172e-01
6.038799135602689327e-01
6.008380390176010222e-01
6.023601351560190498e-01
6.041035851185624361e-01
6.038425976970965836e-01
5.999124087042507769e-01
6.008963923238083149e-01
6.028556030535300314e-01
6.044083968472362400e-01
6.010523001640869500e-01
6.010006567460773885e-01
6.035956577354424368e-01
6.047349590032924382e-01
6.030439499660333880e-01
5.998467725794131011e-01
6.016032862486843102e-01
6.030991187614807014e-01
6.042127140301586374e-01
6.004859775499706842e-01
6.020163972162280164e-01
6.039464162841577943e-01
6.048339945636145298e-01
6.010700610697358170e-01
6.014466321563350926e-01
6.035959336184926194e-01
6.047673407666206424e-01
6.024945431767845250e-01
6.004426388940159454e-01
6.025264810831520990e-01
6.036475675016623743e-01
6.037509063889912042e-01
6.009571046763828583e-01
6.023972525788525711e-01
6.041690389090692559e-01
6.037183178424163632e-01
5.997197982731122812e-01
6.006577382230740003e-01
6.025932786654082385e-01
6.041041143653466117e-01
6.010737978193608777e-01
6.007688774016745059e-01
6.033822685579951495e-01
6.044414837602459789e-01
6.033591276641819823e-01
5.998427981018040756e-01
6.016950389068100868e-01
6.032613020499414391e-01
6.042606569566530972e-01
6.007853683416786161e-01
6.021809870703360712e-01
6.039619819510109178e-01
6.045127846091229440e-01
6.007726254861440740e-01
6.014190732987043653e-01
6.035042010137701141e-01
6.048166806975053822e-01
6.019048655966284800e-01
6.009551786019939890e-01
6.032823300438518999e-01
6.042417494815042200e-01
6.038719690335845325e-01
6.006892824502743089e-01
6.026990262370892637e-01
6.040736964533995890e-01
6.043409494953352334e-01
