4.105896857579811043e-01
4.105896856946679718e-01
4.105896856426624608e-01
4.105896855999450756e-01
4.105896855648571986e-01
4.105896855360357534e-01
4.105896855123620237e-01
4.105896854929162454e-01
4.105896854769435222e-01
4.105896854638236837e-01
4.105896854530469153e-01
4.105896854441948296e-01
4.105896854369238680e-01
4.105896854309514787e-01
4.105896854260456252e-01
4.105896854220161263e-01
4.105896854187062184e-01
4.105896854159874487e-01
4.105896854137541796e-01
4.105896854119198136e-01
4.105896854104131299e-01
4.105896854091755088e-01
4.105896854081588776e-01
4.105896854073239899e-01
4.105896854066380941e-01
4.105896854060746559e-01
4.105896854056119150e-01
4.105896854052317191e-01
4.105896854049195244e-01
4.105896854046630073e-01
4.105896854044522870e-01
4.105896854042793143e-01
4.105896854041371502e-01
4.105896854040204658e-01
4.105896854039245980e-01
4.105896854038457167e-01
4.105896854037810462e-01
4.105896854037279775e-01
4.105896854036842902e-01
4.105896854036483745e-01
4.105896854036190091e-01
4.105896854035948063e-01
4.105896854035749333e-01
4.105896854035586130e-01
4.105896854035452903e-01
4.105896854035341881e-01
4.105896854035250287e-01
4.105896854035176458e-01
4.105896854035115395e-01
4.105896854035065435e-01
4.105896854035023802e-01
4.105896854034989940e-01
4.105896854034963295e-01
4.105896854034939425e-01
4.105896854034921106e-01
4.105896854034905563e-01
4.105896854034892796e-01
4.105896854034883359e-01
4.105896854034873922e-01
4.105896854034866705e-01
4.105896854034861709e-01
4.105896854034856713e-01
4.105896854034853383e-01
4.105896854034850052e-01
4.105896854034847276e-01
4.105896854034844501e-01
4.105896854034842836e-01
4.105896854034841725e-01
4.105896854034840060e-01
4.105896854034838395e-01
4.105896854034837840e-01
4.105896854034837284e-01
4.105896854034836729e-01
4.105896854034836729e-01
4.105896854034836729e-01
4.105896854034836729e-01
4.105896854034835064e-01
4.105896854034835064e-01
4.105896854034835064e-01
4.105896854034835064e-01
4.105896854034835064e-01
4.105896854034835064e-01
4.105896854034835064e-01
4.105896854034834509e-01
4.105896854034835064e-01
4.105896854034834509e-01
4.105896854034835064e-01
4.105896854034835064e-01
4.105896854034835064e-01
4.105896854034835064e-01
4.105896854034835064e-01
4.105896854034834509e-01
4.105896854034835064e-01
4.105896854034835064e-01
4.105896854034835619e-01
4.105896854034835064e-01
4.105896854034834509e-01
4.105896854034835064e-01
4.105896854034834509e-01
4.105896854034835064e-01
