2.695613557308987329e-01
2.695613557749197975e-01
2.695613558129994480e-01
2.695613558448529679e-01
2.695613558705852730e-01
2.695613558905795570e-01
2.695613559054014785e-01
2.695613559157211681e-01
2.695613559222515554e-01
2.695613559257004632e-01
2.695613559267368564e-01
2.695613559259674719e-01
2.695613559239242729e-01
2.695613559210575105e-01
2.695613559177356677e-01
2.695613559142494009e-01
2.695613559108183122e-01
2.695613559075992205e-01
2.695613559046952101e-01
2.695613559021659555e-01
2.695613559000356041e-01
2.695613558983020464e-01
2.695613558969436330e-01
2.695613558959260581e-01
2.695613558952071331e-01
2.695613558947412280e-01
2.695613558944826571e-01
2.695613558943877330e-01
2.695613558944164878e-01
2.695613558945337829e-01
2.695613558947093091e-01
2.695613558949185862e-01
2.695613558951419075e-01
2.695613558953642297e-01
2.695613558955746725e-01
2.695613558957659084e-01
2.695613558959336076e-01
2.695613558960758827e-01
2.695613558961925116e-01
2.695613558962846601e-01
2.695613558963543821e-01
2.695613558964043421e-01
2.695613558964373158e-01
2.695613558964564671e-01
2.695613558964645162e-01
2.695613558964640721e-01
2.695613558964575773e-01
2.695613558964468082e-01
2.695613558964337630e-01
2.695613558964193857e-01
2.695613558964049528e-01
2.695613558963912415e-01
2.695613558963786960e-01
2.695613558963675382e-01
2.695613558963581013e-01
2.695613558963503298e-01
2.695613558963441125e-01
2.695613558963393386e-01
2.695613558963358969e-01
2.695613558963335654e-01
2.695613558963321221e-01
2.695613558963314005e-01
2.695613558963314005e-01
2.695613558963317336e-01
2.695613558963323442e-01
2.695613558963331768e-01
2.695613558963341205e-01
2.695613558963349532e-01
2.695613558963358969e-01
2.695613558963367296e-01
2.695613558963374512e-01
2.695613558963381173e-01
2.695613558963386169e-01
2.695613558963390055e-01
2.695613558963393386e-01
2.695613558963395606e-01
2.695613558963397272e-01
2.695613558963398382e-01
2.695613558963399492e-01
2.695613558963399492e-01
2.695613558963399492e-01
2.695613558963398382e-01
2.695613558963397827e-01
2.695613558963397827e-01
2.695613558963396716e-01
2.695613558963395606e-01
2.695613558963395051e-01
2.695613558963394496e-01
2.695613558963393941e-01
2.695613558963393386e-01
2.695613558963392831e-01
2.695613558963393386e-01
2.695613558963393386e-01
2.695613558963394496e-01
2.695613558963394496e-01
2.695613558963395051e-01
2.695613558963395051e-01
2.695613558963395051e-01
2.695613558963394496e-01
2.695613558963393941e-01
