4.016140594918578555e-01
4.016140594918579110e-01
4.016140594918578555e-01
4.016140594918579110e-01
4.016140594918579110e-01
4.016140594918579110e-01
4.016140594918579110e-01
4.016140594918578555e-01
4.016140594918578555e-01
4.016140594918578555e-01
4.016140594918578000e-01
4.016140594918578555e-01
4.016140594918578000e-01
4.016140594918578555e-01
4.016140594918577444e-01
4.016140594918578000e-01
4.016140594918577444e-01
4.016140594918578000e-01
4.016140594918577444e-01
4.016140594918578000e-01
4.016140594918578000e-01
4.016140594918578000e-01
4.016140594918578000e-01
4.016140594918578000e-01
4.016140594918578555e-01
4.016140594918578555e-01
4.016140594918578555e-01
4.016140594918578000e-01
4.016140594918578555e-01
4.016140594918578555e-01
4.016140594918578000e-01
4.016140594918578000e-01
4.016140594918578000e-01
4.016140594918578000e-01
4.016140594918578000e-01
4.016140594918578000e-01
4.016140594918578000e-01
4.016140594918578555e-01
4.016140594918579110e-01
4.016140594918579110e-01
4.016140594918578555e-01
4.016140594918578000e-01
4.016140594918578000e-01
4.016140594918578000e-01
4.016140594918578000e-01
4.016140594918578000e-01
4.016140594918578000e-01
4.016140594918578000e-01
4.016140594918578000e-01
4.016140594918578000e-01
4.016140594918578000e-01
4.016140594918578000e-01
4.016140594918578000e-01
4.016140594918578000e-01
4.016140594918578000e-01
4.016140594918578555e-01
4.016140594918578555e-01
4.016140594918578555e-01
4.016140594918578555e-01
4.016140594918578000e-01
4.016140594918578000e-01
4.016140594918578555e-01
4.016140594918578000e-01
4.016140594918578000e-01
4.016140594918578000e-01
4.016140594918578000e-01
4.016140594918578000e-01
4.016140594918578000e-01
4.016140594918578000e-01
4.016140594918578000e-01
4.016140594918578555e-01
4.016140594918578000e-01
4.016140594918578000e-01
4.016140594918578000e-01
4.016140594918577444e-01
4.016140594918577444e-01
4.016140594918577444e-01
4.016140594918578000e-01
4.016140594918578000e-01
4.016140594918578000e-01
4.016140594918578000e-01
4.016140594918578555e-01
4.016140594918578000e-01
4.016140594918578555e-01
4.016140594918578000e-01
4.016140594918578555e-01
4.016140594918578000e-01
4.016140594918578555e-01
4.016140594918578555e-01
4.016140594918578555e-01
4.016140594918578000e-01
4.016140594918578000e-01
4.016140594918578000e-01
4.016140594918578000e-01
4.016140594918578000e-01
4.016140594918578555e-01
4.016140594918578000e-01
4.016140594918578000e-01
4.016140594918578000e-01
4.016140594918578000e-01
