2.866300964829914255e-01
2.866300964799154971e-01
2.866300964773460525e-01
2.866300964752007130e-01
2.866300964734104784e-01
2.866300964719173949e-01
2.866300964706728349e-01
2.866300964696360531e-01
2.866300964687727992e-01
2.866300964680546515e-01
2.866300964674575180e-01
2.866300964669613593e-01
2.866300964665494111e-01
2.866300964662076289e-01
2.866300964659243555e-01
2.866300964656897099e-01
2.866300964654955319e-01
2.866300964653350491e-01
2.866300964652024885e-01
2.866300964650931316e-01
2.866300964650029814e-01
2.866300964649287630e-01
2.866300964648678673e-01
2.866300964648177962e-01
2.866300964647768290e-01
2.866300964647431893e-01
2.866300964647157112e-01
2.866300964646933402e-01
2.866300964646751326e-01
2.866300964646603666e-01
2.866300964646483762e-01
2.866300964646387173e-01
2.866300964646309457e-01
2.866300964646247285e-01
2.866300964646196769e-01
2.866300964646157357e-01
2.866300964646125160e-01
2.866300964646100180e-01
2.866300964646080196e-01
2.866300964646065208e-01
2.866300964646054106e-01
2.866300964646045224e-01
2.866300964646038008e-01
2.866300964646033567e-01
2.866300964646030791e-01
2.866300964646028016e-01
2.866300964646026350e-01
2.866300964646024685e-01
2.866300964646024685e-01
2.866300964646024685e-01
2.866300964646024685e-01
2.866300964646024685e-01
2.866300964646025240e-01
2.866300964646025795e-01
2.866300964646025795e-01
2.866300964646026350e-01
2.866300964646027460e-01
2.866300964646028016e-01
2.866300964646028571e-01
2.866300964646028571e-01
2.866300964646029681e-01
2.866300964646029681e-01
2.866300964646030791e-01
2.866300964646030236e-01
2.866300964646030791e-01
2.866300964646030791e-01
2.866300964646031901e-01
2.866300964646031901e-01
2.866300964646031901e-01
2.866300964646031901e-01
2.866300964646031901e-01
2.866300964646031901e-01
2.866300964646032456e-01
2.866300964646032456e-01
2.866300964646032456e-01
2.866300964646031901e-01
2.866300964646032456e-01
2.866300964646032456e-01
2.866300964646032456e-01
2.866300964646032456e-01
2.866300964646032456e-01
2.866300964646032456e-01
2.866300964646033012e-01
2.866300964646032456e-01
2.866300964646031901e-01
2.866300964646031901e-01
2.866300964646031901e-01
2.866300964646031901e-01
2.866300964646031901e-01
2.866300964646031901e-01
2.866300964646031901e-01
2.866300964646031901e-01
2.866300964646031901e-01
2.866300964646031901e-01
2.866300964646032456e-01
2.866300964646032456e-01
2.866300964646033012e-01
2.866300964646031901e-01
2.866300964646031901e-01
2.866300964646031901e-01
