5.644340219462676833e-01
5.629730548901038523e-01
5.655880909848306493e-01
5.703685069055093315e-01
5.742678897437705210e-01
5.751342096832090522e-01
5.724758804710722293e-01
5.688937194934209352e-01
5.681187585433967735e-01
5.662379174033127516e-01
5.643988139170283969e-01
5.629173751120679636e-01
5.657023603704862680e-01
5.704492054153021963e-01
5.743437345312421005e-01
5.751036758035682483e-01
5.723882822722189401e-01
5.688520330023736360e-01
5.680835050109462880e-01
5.661900747647741206e-01
5.643624142817325051e-01
5.628605091456091447e-01
5.658201718050217544e-01
5.705324373392711701e-01
5.744207462751542703e-01
5.750707979598133068e-01
5.722968910480811244e-01
5.688122553325276609e-01
5.680456456572040569e-01
5.661401785408214371e-01
5.643252879046168902e-01
5.628039237951172336e-01
5.659405207193586307e-01
5.706176057989406081e-01
5.744979209542184773e-01
5.750357513550091726e-01
5.722026003577459496e-01
5.687750801611165530e-01
5.680055420851877201e-01
5.660887801272047604e-01
5.642879981770492215e-01
5.627493440719641971e-01
5.660622752748687425e-01
5.707040184443963327e-01
5.745741558063600651e-01
5.749988052710046649e-01
5.721064874555803481e-01
5.687410833617969619e-01
5.679637018732305309e-01
5.660365545022221223e-01
5.642511655391395653e-01
5.626985925712000292e-01
5.661842405642235621e-01
5.707909192574512902e-01
5.746483331115322946e-01
5.749603155785357744e-01
5.720097405091822962e-01
5.687106588863818368e-01
5.679207445767079365e-01
5.659842503565287730e-01
5.642154093194601261e-01
5.626533795854662401e-01
5.663052273016496718e-01
5.708775266029202378e-01
5.747194143432223790e-01
5.749207069315613872e-01
5.719135677143936114e-01
5.686839831493804009e-01
5.678773475530211057e-01
5.659326243502299514e-01
5.641812845835196821e-01
5.626150922075796590e-01
5.664241154549199964e-01
5.709630734448097877e-01
5.747865263451739093e-01
5.748804461049437098e-01
5.718191055127072042e-01
5.686610167046344255e-01
5.678341828551757287e-01
5.658823732996829392e-01
5.641492289375001912e-01
5.625846372554401675e-01
5.665399063766667354e-01
5.710468458708277684e-01
5.748490224377937885e-01
5.748400099969975807e-01
5.717273427250268991e-01
5.686415398202113725e-01
5.677918591855801722e-01
5.658340790431848344e-01
5.641195314519082959e-01
5.625623757905309219e-01
5.666517603764462674e-01
5.711282163437372272e-01
5.749065085718532142e-01
5.747998533019589296e-01
5.716390715648822507e-01
5.686252086232644887e-01
5.677508801962878326e-01
5.657881759859478832e-01
