5.158969084605720123e-01
5.158969740874957965e-01
5.158970334338157659e-01
5.158970871006463010e-01
5.158971356315606993e-01
5.158971795180999909e-01
5.158972192047552863e-01
5.158972550934726176e-01
5.158972875477259024e-01
5.158973168962002198e-01
5.158973434361221466e-01
5.158973674362709039e-01
5.158973891397018452e-01
5.158974087662081542e-01
5.158974265145483962e-01
5.158974425644586859e-01
5.158974570784742308e-01
5.158974702035754589e-01
5.158974820726763832e-01
5.158974928059715248e-01
5.158975025121526059e-01
5.158975112895100024e-01
5.158975192269276144e-01
5.158975264047832576e-01
5.158975328957633444e-01
5.158975387655980738e-01
5.158975440737276763e-01
5.158975488739038218e-01
5.158975532147349607e-01
5.158975571401774873e-01
5.158975606899816047e-01
5.158975639000934477e-01
5.158975668030195694e-01
5.158975694281555668e-01
5.158975718020841761e-01
5.158975739488442791e-01
5.158975758901744868e-01
5.158975776457328521e-01
5.158975792332967103e-01
5.158975806689418686e-01
5.158975819672058094e-01
5.158975831412351276e-01
5.158975842029183134e-01
5.158975851630058784e-01
5.158975860312198236e-01
5.158975868163520051e-01
5.158975875263527300e-01
5.158975881684113585e-01
5.158975887490295786e-01
5.158975892740869096e-01
5.158975897488997653e-01
5.158975901782767437e-01
5.158975905665651451e-01
5.158975909176973795e-01
5.158975912352287141e-01
5.158975915223746878e-01
5.158975917820427526e-01
5.158975920168623608e-01
5.158975922292116101e-01
5.158975924212405584e-01
5.158975925948936503e-01
5.158975927519293680e-01
5.158975928939379951e-01
5.158975930223573814e-01
5.158975931384879310e-01
5.158975932435055922e-01
5.158975933384739587e-01
5.158975934243544836e-01
5.158975935020169157e-01
5.158975935722476258e-01
5.158975936357576009e-01
5.158975936931903261e-01
5.158975937451270033e-01
5.158975937920937671e-01
5.158975938345661261e-01
5.158975938729741806e-01
5.158975939077069528e-01
5.158975939391160503e-01
5.158975939675194411e-01
5.158975939932048949e-01
5.158975940164323148e-01
5.158975940374371794e-01
5.158975940564319851e-01
5.158975940736091337e-01
5.158975940891425971e-01
5.158975941031894719e-01
5.158975941158921996e-01
5.158975941273795662e-01
5.158975941377674790e-01
5.158975941471612980e-01
5.158975941556565026e-01
5.158975941633385798e-01
5.158975941702854673e-01
5.158975941765676643e-01
5.158975941822486755e-01
5.158975941873860105e-01
5.158975941920319608e-01
5.158975941962331557e-01
5.158975942000322279e-01
5.158975942034679241e-01
