2.185529013045049429e-01
2.185529013045049429e-01
2.185529013045049151e-01
2.185529013045048874e-01
2.185529013045048596e-01
2.185529013045048596e-01
2.185529013045048874e-01
2.185529013045048874e-01
2.185529013045048874e-01
2.185529013045048596e-01
2.185529013045048874e-01
2.185529013045048874e-01
2.185529013045048596e-01
2.185529013045048874e-01
2.185529013045048874e-01
2.185529013045048596e-01
2.185529013045048874e-01
2.185529013045048596e-01
2.185529013045048874e-01
2.185529013045049151e-01
2.185529013045048874e-01
2.185529013045049151e-01
2.185529013045048874e-01
2.185529013045048874e-01
2.185529013045048874e-01
2.185529013045049151e-01
2.185529013045049151e-01
2.185529013045048874e-01
2.185529013045048874e-01
2.185529013045048874e-01
2.185529013045048874e-01
2.185529013045048874e-01
2.185529013045048596e-01
2.185529013045048874e-01
2.185529013045048874e-01
2.185529013045048874e-01
2.185529013045048874e-01
2.185529013045048874e-01
2.185529013045048874e-01
2.185529013045048874e-01
2.185529013045048596e-01
2.185529013045048596e-01
2.185529013045048874e-01
2.185529013045048874e-01
2.185529013045048874e-01
2.185529013045048874e-01
2.185529013045048874e-01
2.185529013045048874e-01
2.185529013045048041e-01
2.185529013045048874e-01
2.185529013045048041e-01
2.185529013045048874e-01
2.185529013045048874e-01
2.185529013045048874e-01
2.185529013045048596e-01
2.185529013045048874e-01
2.185529013045048596e-01
2.185529013045048874e-01
2.185529013045048596e-01
2.185529013045048874e-01
2.185529013045048874e-01
2.185529013045048874e-01
2.185529013045048874e-01
2.185529013045048596e-01
2.185529013045048874e-01
2.185529013045048874e-01
2.185529013045048874e-01
2.185529013045048874e-01
2.185529013045048874e-01
2.185529013045048874e-01
2.185529013045048874e-01
2.185529013045048874e-01
2.185529013045048874e-01
2.185529013045048874e-01
2.185529013045048874e-01
2.185529013045048874e-01
2.185529013045048874e-01
2.185529013045048874e-01
2.185529013045048874e-01
2.185529013045048596e-01
2.185529013045048596e-01
2.185529013045048874e-01
2.185529013045048874e-01
2.185529013045048596e-01
2.185529013045048874e-01
2.185529013045048596e-01
2.185529013045048596e-01
2.185529013045048596e-01
2.185529013045048874e-01
2.185529013045048874e-01
2.185529013045048874e-01
2.185529013045048874e-01
2.185529013045048874e-01
2.185529013045048874e-01
2.185529013045048874e-01
2.185529013045048874e-01
2.185529013045048874e-01
2.185529013045048874e-01
2.185529013045048874e-01
2.185529013045048874e-01
