1.126297427557662878e-01
1.126297445994166591e-01
1.126297461479412315e-01
1.126297474485940947e-01
1.126297485410608923e-01
1.126297494586716019e-01
1.126297502294187208e-01
1.126297508768124012e-01
1.126297514205983202e-01
1.126297518773606010e-01
1.126297522610282681e-01
1.126297525833004354e-01
1.126297528540033260e-01
1.126297530813900882e-01
1.126297532723929268e-01
1.126297534328343508e-01
1.126297535676049483e-01
1.126297536808126831e-01
1.126297537759078371e-01
1.126297538557886196e-01
1.126297539228895556e-01
1.126297539792552732e-01
1.126297540266035652e-01
1.126297540663771107e-01
1.126297540997878294e-01
1.126297541278536846e-01
1.126297541514297701e-01
1.126297541712344280e-01
1.126297541878709535e-01
1.126297542018462328e-01
1.126297542135859392e-01
1.126297542234477450e-01
1.126297542317320766e-01
1.126297542386912459e-01
1.126297542445372224e-01
1.126297542494480997e-01
1.126297542535734941e-01
1.126297542570389859e-01
1.126297542599501988e-01
1.126297542623957010e-01
1.126297542644500715e-01
1.126297542661758716e-01
1.126297542676256425e-01
1.126297542688434877e-01
1.126297542698665166e-01
1.126297542707259541e-01
1.126297542714479183e-01
1.126297542720544609e-01
1.126297542725639145e-01
1.126297542729919055e-01
1.126297542733514373e-01
1.126297542736534318e-01
1.126297542739071733e-01
1.126297542741203361e-01
1.126297542742994151e-01
1.126297542744498226e-01
1.126297542745762353e-01
1.126297542746824004e-01
1.126297542747715374e-01
1.126297542748464914e-01
1.126297542749093855e-01
1.126297542749622460e-01
1.126297542750065994e-01
1.126297542750439584e-01
1.126297542750752945e-01
1.126297542751016484e-01
1.126297542751237696e-01
1.126297542751423658e-01
1.126297542751579367e-01
1.126297542751710373e-01
1.126297542751820702e-01
1.126297542751913405e-01
1.126297542751991121e-01
1.126297542752056624e-01
1.126297542752111164e-01
1.126297542752157377e-01
1.126297542752195957e-01
1.126297542752228431e-01
1.126297542752255770e-01
1.126297542752278807e-01
1.126297542752297820e-01
1.126297542752314196e-01
1.126297542752327518e-01
1.126297542752339176e-01
1.126297542752348613e-01
1.126297542752356523e-01
1.126297542752363601e-01
1.126297542752368874e-01
1.126297542752374009e-01
1.126297542752377617e-01
1.126297542752381226e-01
1.126297542752384140e-01
1.126297542752386499e-01
1.126297542752388442e-01
1.126297542752390107e-01
1.126297542752391495e-01
1.126297542752392883e-01
1.126297542752393854e-01
1.126297542752394826e-01
1.126297542752395381e-01
