1.374754673973595243e-01
1.369653994554629606e-01
1.379964390982039157e-01
1.400316795857410868e-01
1.405805709171969453e-01
1.398486309154165774e-01
1.387108269714521225e-01
1.376438455178581877e-01
1.363810377907159477e-01
1.361691746951452786e-01
1.385247290903583450e-01
1.405496403175607589e-01
1.391630024518926700e-01
1.382163991527814717e-01
1.376289738951958497e-01
1.370913386838476244e-01
1.374204881841923909e-01
1.395325619634482095e-01
1.406220008152189449e-01
1.401343784535837023e-01
1.390489470735731814e-01
1.379496330837987894e-01
1.367516606778132471e-01
1.359543668035021469e-01
1.376258409874632493e-01
1.403666523124805776e-01
1.396454148930491301e-01
1.384374530678830206e-01
1.378029281877100887e-01
1.372694029098403545e-01
1.370679470929885568e-01
1.389276573695100436e-01
1.404991841522179596e-01
1.403520338864730765e-01
1.393674333300957968e-01
1.382400038977211199e-01
1.371376888696028418e-01
1.360081452174295435e-01
1.369312004684075934e-01
1.398414126016171988e-01
1.401504139843087471e-01
1.386728469479870662e-01
1.379514301961190514e-01
1.374032831111256237e-01
1.369566440666034335e-01
1.383380974387414808e-01
1.402408952898077932e-01
1.405132559040052076e-01
1.396746218440835796e-01
1.385304974798257649e-01
1.374677374103284999e-01
1.362142528516775974e-01
1.364028932815864181e-01
1.390531711597526310e-01
1.404889858131175839e-01
1.389543412952622403e-01
1.381080537145688847e-01
1.375370153059656542e-01
1.370050089097988033e-01
1.377369690672817226e-01
1.398368154914360617e-01
1.406133914507253224e-01
1.399760091189750089e-01
1.388540203255486660e-01
1.377758407768541749e-01
1.365301864804928100e-01
1.360409983644292053e-01
1.381218379546349795e-01
1.405166440794543281e-01
1.393531772990609652e-01
1.383076166562404452e-01
1.377041617354278491e-01
1.371697498105274027e-01
1.372317914165797348e-01
1.392771910249594736e-01
1.405911951752036593e-01
1.402376349301318326e-01
1.391903864213671904e-01
1.380770701778532283e-01
1.369227469863953939e-01
1.359513711355864185e-01
1.373013597590900248e-01
1.401782472108387134e-01
1.398732637649153787e-01
1.385371234064906865e-01
1.378699141953156904e-01
1.373318402304574137e-01
1.369986560769774486e-01
1.386720790204819531e-01
1.404022216402267265e-01
1.404267306992598718e-01
1.394988590311529164e-01
1.383618066452498019e-01
1.372853767923132851e-01
1.360827083150119576e-01
1.366877392049652695e-01
1.395310804067595167e-01
1.403248201314027388e-01
1.387840441988462403e-01
1.380144516481296157e-01
