5.622805510869850476e-01
5.622805510869850476e-01
5.622805510869850476e-01
5.622805510869851586e-01
5.622805510869850476e-01
5.622805510869849366e-01
5.622805510869850476e-01
5.622805510869850476e-01
5.622805510869849366e-01
5.622805510869850476e-01
5.622805510869850476e-01
5.622805510869849366e-01
5.622805510869850476e-01
5.622805510869849366e-01
5.622805510869849366e-01
5.622805510869849366e-01
5.622805510869849366e-01
5.622805510869849366e-01
5.622805510869849366e-01
5.622805510869850476e-01
5.622805510869849366e-01
5.622805510869849366e-01
5.622805510869850476e-01
5.622805510869849366e-01
5.622805510869849366e-01
5.622805510869849366e-01
5.622805510869849366e-01
5.622805510869849366e-01
5.622805510869850476e-01
5.622805510869850476e-01
5.622805510869849366e-01
5.622805510869850476e-01
5.622805510869849366e-01
5.622805510869849366e-01
5.622805510869849366e-01
5.622805510869849366e-01
5.622805510869850476e-01
5.622805510869850476e-01
5.622805510869849366e-01
5.622805510869849366e-01
5.622805510869850476e-01
5.622805510869849366e-01
5.622805510869850476e-01
5.622805510869850476e-01
5.622805510869851586e-01
5.622805510869850476e-01
5.622805510869849366e-01
5.622805510869850476e-01
5.622805510869850476e-01
5.622805510869850476e-01
5.622805510869850476e-01
5.622805510869849366e-01
5.622805510869849366e-01
5.622805510869849366e-01
5.622805510869850476e-01
5.622805510869849366e-01
5.622805510869849366e-01
5.622805510869849366e-01
5.622805510869850476e-01
5.622805510869850476e-01
5.622805510869849366e-01
5.622805510869849366e-01
5.622805510869850476e-01
5.622805510869850476e-01
5.622805510869849366e-01
5.622805510869850476e-01
5.622805510869849366e-01
5.622805510869849366e-01
5.622805510869850476e-01
5.622805510869850476e-01
5.622805510869850476e-01
5.622805510869850476e-01
5.622805510869851586e-01
5.622805510869849366e-01
5.622805510869850476e-01
5.622805510869849366e-01
5.622805510869849366e-01
5.622805510869849366e-01
5.622805510869850476e-01
5.622805510869849366e-01
5.622805510869850476e-01
5.622805510869850476e-01
5.622805510869849366e-01
5.622805510869850476e-01
5.622805510869850476e-01
5.622805510869849366e-01
5.622805510869849366e-01
5.622805510869849366e-01
5.622805510869849366e-01
5.622805510869849366e-01
5.622805510869849366e-01
5.622805510869849366e-01
5.622805510869849366e-01
5.622805510869849366e-01
5.622805510869849366e-01
5.622805510869849366e-01
5.622805510869850476e-01
5.622805510869849366e-01
5.622805510869849366e-01
5.622805510869850476e-01
