5.180430000141287294e-01
5.180430000141286184e-01
5.180430000141286184e-01
5.180430000141287294e-01
5.180430000141286184e-01
5.180430000141286184e-01
5.180430000141286184e-01
5.180430000141286184e-01
5.180430000141286184e-01
5.180430000141286184e-01
5.180430000141286184e-01
5.180430000141286184e-01
5.180430000141286184e-01
5.180430000141286184e-01
5.180430000141286184e-01
5.180430000141286184e-01
5.180430000141286184e-01
5.180430000141286184e-01
5.180430000141286184e-01
5.180430000141286184e-01
5.180430000141286184e-01
5.180430000141286184e-01
5.180430000141286184e-01
5.180430000141286184e-01
5.180430000141287294e-01
5.180430000141287294e-01
5.180430000141286184e-01
5.180430000141286184e-01
5.180430000141286184e-01
5.180430000141286184e-01
5.180430000141286184e-01
5.180430000141286184e-01
5.180430000141286184e-01
5.180430000141286184e-01
5.180430000141286184e-01
5.180430000141286184e-01
5.180430000141286184e-01
5.180430000141286184e-01
5.180430000141286184e-01
5.180430000141286184e-01
5.180430000141287294e-01
5.180430000141287294e-01
5.180430000141286184e-01
5.180430000141286184e-01
5.180430000141287294e-01
5.180430000141286184e-01
5.180430000141286184e-01
5.180430000141286184e-01
5.180430000141286184e-01
5.180430000141287294e-01
5.180430000141286184e-01
5.180430000141286184e-01
5.180430000141286184e-01
5.180430000141286184e-01
5.180430000141286184e-01
5.180430000141286184e-01
5.180430000141286184e-01
5.180430000141286184e-01
5.180430000141287294e-01
5.180430000141286184e-01
5.180430000141286184e-01
5.180430000141286184e-01
5.180430000141286184e-01
5.180430000141286184e-01
5.180430000141287294e-01
5.180430000141287294e-01
5.180430000141286184e-01
5.180430000141286184e-01
5.180430000141286184e-01
5.180430000141286184e-01
5.180430000141286184e-01
5.180430000141286184e-01
5.180430000141286184e-01
5.180430000141287294e-01
5.180430000141287294e-01
5.180430000141286184e-01
5.180430000141286184e-01
5.180430000141286184e-01
5.180430000141286184e-01
5.180430000141286184e-01
5.180430000141286184e-01
5.180430000141286184e-01
5.180430000141286184e-01
5.180430000141286184e-01
5.180430000141286184e-01
5.180430000141286184e-01
5.180430000141286184e-01
5.180430000141286184e-01
5.180430000141286184e-01
5.180430000141286184e-01
5.180430000141286184e-01
5.180430000141286184e-01
5.180430000141286184e-01
5.180430000141286184e-01
5.180430000141285074e-01
5.180430000141286184e-01
5.180430000141286184e-01
5.180430000141286184e-01
5.180430000141286184e-01
5.180430000141286184e-01
