5.343720675919554353e-01
5.343720676433374450e-01
5.343720676885332921e-01
5.343720677282882692e-01
5.343720677632582960e-01
5.343720677940198005e-01
5.343720678210795993e-01
5.343720678448832251e-01
5.343720678658232526e-01
5.343720678842438510e-01
5.343720679004485552e-01
5.343720679147040409e-01
5.343720679272446761e-01
5.343720679382769623e-01
5.343720679479823099e-01
5.343720679565205911e-01
5.343720679640318050e-01
5.343720679706398524e-01
5.343720679764530912e-01
5.343720679815672225e-01
5.343720679860662903e-01
5.343720679900244575e-01
5.343720679935065609e-01
5.343720679965699993e-01
5.343720679992649547e-01
5.343720680016359470e-01
5.343720680037218340e-01
5.343720680055568106e-01
5.343720680071711859e-01
5.343720680085913832e-01
5.343720680098409392e-01
5.343720680109400600e-01
5.343720680119071753e-01
5.343720680127579392e-01
5.343720680135063406e-01
5.343720680141648138e-01
5.343720680147440172e-01
5.343720680152537206e-01
5.343720680157021397e-01
5.343720680160964909e-01
5.343720680164435466e-01
5.343720680167488579e-01
5.343720680170175319e-01
5.343720680172537874e-01
5.343720680174617321e-01
5.343720680176445859e-01
5.343720680178054572e-01
5.343720680179470106e-01
5.343720680180714666e-01
5.343720680181810456e-01
5.343720680182774130e-01
5.343720680183622340e-01
5.343720680184368410e-01
5.343720680185024552e-01
5.343720680185601868e-01
5.343720680186110350e-01
5.343720680186555549e-01
5.343720680186948568e-01
5.343720680187294958e-01
5.343720680187599159e-01
5.343720680187867833e-01
5.343720680188102090e-01
5.343720680188309702e-01
5.343720680188491778e-01
5.343720680188652761e-01
5.343720680188793759e-01
5.343720680188918104e-01
5.343720680189026906e-01
5.343720680189122385e-01
5.343720680189207872e-01
5.343720680189281147e-01
5.343720680189347760e-01
5.343720680189404382e-01
5.343720680189456562e-01
5.343720680189499861e-01
5.343720680189538719e-01
5.343720680189573136e-01
5.343720680189604222e-01
5.343720680189630867e-01
5.343720680189654182e-01
5.343720680189674166e-01
5.343720680189693040e-01
5.343720680189708583e-01
5.343720680189723016e-01
5.343720680189735228e-01
5.343720680189745220e-01
5.343720680189755212e-01
5.343720680189764094e-01
5.343720680189771866e-01
5.343720680189778527e-01
5.343720680189785188e-01
5.343720680189788519e-01
5.343720680189792960e-01
5.343720680189797401e-01
5.343720680189800731e-01
5.343720680189804062e-01
5.343720680189806282e-01
5.343720680189808503e-01
5.343720680189811834e-01
5.343720680189812944e-01
