3.378801747709770376e-01
3.378892912748595045e-01
3.378993575072345990e-01
3.379099083599635400e-01
3.379205193169402821e-01
3.379308157313246075e-01
3.379404793897770598e-01
3.379492524462405778e-01
3.379569388831197840e-01
3.379634037230232479e-01
3.379685702674905534e-01
3.379724156786387823e-01
3.379749652444593022e-01
3.379762856783979919e-01
3.379764777995131753e-01
3.379756689223544774e-01
3.379740052577361875e-01
3.379716445891946530e-01
3.379687494476937837e-01
3.379654809616134958e-01
3.379619935126099706e-01
3.379584302826083575e-01
3.379549197347040401e-01
3.379515730323687794e-01
3.379484823680085070e-01
3.379457201441118386e-01
3.379433389281898958e-01
3.379413720863777559e-01
3.379398349896953202e-01
3.379387266811172963e-01
3.379380318902776015e-01
3.379377232852195378e-01
3.379377638564956543e-01
3.379381093374775880e-01
3.379387105753492437e-01
3.379395157793234628e-01
3.379404725856070546e-01
3.379415298920060984e-01
3.379426394283786550e-01
3.379437570419733805e-01
3.379448436887113605e-01
3.379458661323683222e-01
3.379467973631793964e-01
3.379476167554578692e-01
3.379483099902814147e-01
3.379488687741396546e-01
3.379492903876551435e-01
3.379495771001728710e-01
3.379497354862819880e-01
3.379497756793276020e-01
3.379497105948940372e-01
3.379495551542746057e-01
3.379493255343097302e-01
3.379490384658710433e-01
3.379487105989024687e-01
3.379483579474794608e-01
3.379479954239812955e-01
3.379476364673276723e-01
3.379472927664274318e-01
3.379469740766122277e-01
3.379466881239446274e-01
3.379464405899321178e-01
3.379462351673673814e-01
3.379460736767399553e-01
3.379459562319011012e-01
3.379458814433812242e-01
3.379458466478951206e-01
3.379458481530882574e-01
3.379458814873887995e-01
3.379459416458936993e-01
3.379460233244517831e-01
3.379461211354589101e-01
3.379462298002854359e-01
3.379463443146596968e-01
3.379464600846952549e-01
3.379465730325199591e-01
3.379466796716198984e-01
3.379467771530215714e-01
3.379468632842890230e-01
3.379469365239882728e-01
3.379469959547848346e-01
3.379470412386781364e-01
3.379470725580563939e-01
3.379470905462888530e-01
3.379470962114769494e-01
3.379470908567782650e-01
3.379470760004154029e-01
3.379470532981212472e-01
3.379470244703476900e-01
3.379469912361275918e-01
3.379469552550201650e-01
3.379469180781246584e-01
3.379468811087188440e-01
3.379468455726866161e-01
3.379468124985469668e-01
3.379467827065916752e-01
3.379467568063969640e-01
3.379467352017710424e-01
3.379467181020703315e-01
3.379467055387251340e-01
