5.469923997523364889e-01
5.469923992700397308e-01
5.469923988320953834e-01
5.469923984344243761e-01
5.469923980733226720e-01
5.469923977454274056e-01
5.469923974476842421e-01
5.469923971773206217e-01
5.469923969318185586e-01
5.469923967088917705e-01
5.469923965064640292e-01
5.469923963226505093e-01
5.469923961557394687e-01
5.469923960041763733e-01
5.469923958665501296e-01
5.469923957415788740e-01
5.469923956280990929e-01
5.469923955250540759e-01
5.469923954314842574e-01
5.469923953465184452e-01
5.469923952693652724e-01
5.469923951993064248e-01
5.469923951356896463e-01
5.469923950779226329e-01
5.469923950254672596e-01
5.469923949778350281e-01
5.469923949345828484e-01
5.469923948953077097e-01
5.469923948596439045e-01
5.469923948272594760e-01
5.469923947978528878e-01
5.469923947711500256e-01
5.469923947469025327e-01
5.469923947248847007e-01
5.469923947048912494e-01
5.469923946867363274e-01
5.469923946702508477e-01
5.469923946552811556e-01
5.469923946416878069e-01
5.469923946293444583e-01
5.469923946181360908e-01
5.469923946079582322e-01
5.469923945987164027e-01
5.469923945903242268e-01
5.469923945827036560e-01
5.469923945757839689e-01
5.469923945695005507e-01
5.469923945637946705e-01
5.469923945586134817e-01
5.469923945539089116e-01
5.469923945496367734e-01
5.469923945457575432e-01
5.469923945422350275e-01
5.469923945390362530e-01
5.469923945361317985e-01
5.469923945334942417e-01
5.469923945310992686e-01
5.469923945289245637e-01
5.469923945269498100e-01
5.469923945251565778e-01
5.469923945235283247e-01
5.469923945220496186e-01
5.469923945207070259e-01
5.469923945194878900e-01
5.469923945183806646e-01
5.469923945173754687e-01
5.469923945164626433e-01
5.469923945156336398e-01
5.469923945148809086e-01
5.469923945141974553e-01
5.469923945135768406e-01
5.469923945130134024e-01
5.469923945125015896e-01
5.469923945120368503e-01
5.469923945116148545e-01
5.469923945112318275e-01
5.469923945108838836e-01
5.469923945105678031e-01
5.469923945102809215e-01
5.469923945100204632e-01
5.469923945097838747e-01
5.469923945095690465e-01
5.469923945093739803e-01
5.469923945091967887e-01
5.469923945090360284e-01
5.469923945088900341e-01
5.469923945087573625e-01
5.469923945086370143e-01
5.469923945085276573e-01
5.469923945084282924e-01
5.469923945083381422e-01
5.469923945082563188e-01
5.469923945081819339e-01
5.469923945081144323e-01
5.469923945080531480e-01
5.469923945079974148e-01
5.469923945079468997e-01
5.469923945079010474e-01
5.469923945078594141e-01
5.469923945078215555e-01
