6.155973479746464083e-02
6.155978384554253169e-02
6.155981828219847518e-02
6.155984197387701085e-02
6.155985788560850575e-02
6.155986825516455291e-02
6.155987474677085403e-02
6.155987858050573913e-02
6.155988063762235507e-02
6.155988154434758469e-02
6.155988173750640002e-02
6.155988151525213642e-02
6.155988107578716506e-02
6.155988054651422708e-02
6.155988000565680573e-02
6.155987949804157117e-02
6.155987904642792885e-02
6.155987865949738569e-02
6.155987833737843612e-02
6.155987807537999235e-02
6.155987786644542825e-02
6.155987770270632264e-02
6.155987757641608743e-02
6.155987748046599928e-02
6.155987740862871316e-02
6.155987735563021174e-02
6.155987731712027344e-02
6.155987728958773469e-02
6.155987727025155620e-02
6.155987725694535978e-02
6.155987724800782851e-02
6.155987724218375812e-02
6.155987723853843102e-02
6.155987723638612491e-02
6.155987723523155541e-02
6.155987723472281653e-02
6.155987723461465999e-02
6.155987723473971274e-02
6.155987723498661246e-02
6.155987723528396488e-02
6.155987723558781211e-02
6.155987723587299371e-02
6.155987723612669354e-02
6.155987723634400582e-02
6.155987723652488891e-02
6.155987723667207673e-02
6.155987723678946200e-02
6.155987723688142316e-02
6.155987723695236641e-02
6.155987723700621223e-02
6.155987723704655495e-02
6.155987723707628811e-02
6.155987723709795134e-02
6.155987723711347365e-02
6.155987723712436771e-02
6.155987723713177845e-02
6.155987723713678833e-02
6.155987723714005655e-02
6.155987723714210352e-02
6.155987723714336640e-02
6.155987723714403947e-02
6.155987723714431703e-02
6.155987723714439336e-02
6.155987723714431703e-02
6.155987723714419213e-02
6.155987723714406723e-02
6.155987723714383131e-02
6.155987723714365090e-02
6.155987723714345661e-02
6.155987723714331089e-02
6.155987723714324844e-02
6.155987723714316517e-02
6.155987723714313742e-02
6.155987723714307497e-02
6.155987723714297782e-02
6.155987723714294313e-02
6.155987723714290150e-02
6.155987723714288068e-02
6.155987723714286680e-02
6.155987723714285292e-02
6.155987723714283905e-02
6.155987723714285986e-02
6.155987723714286680e-02
6.155987723714285986e-02
6.155987723714288068e-02
6.155987723714285986e-02
6.155987723714281129e-02
6.155987723714279741e-02
6.155987723714283905e-02
6.155987723714282517e-02
6.155987723714282517e-02
6.155987723714282517e-02
6.155987723714277660e-02
6.155987723714279741e-02
6.155987723714278353e-02
6.155987723714278353e-02
6.155987723714276966e-02
6.155987723714276272e-02
6.155987723714278353e-02
6.155987723714277660e-02
