4.465605034569369858e-01
4.465605034569369858e-01
4.465605034569369303e-01
4.465605034569369303e-01
4.465605034569369858e-01
4.465605034569369303e-01
4.465605034569369303e-01
4.465605034569369303e-01
4.465605034569369858e-01
4.465605034569369858e-01
4.465605034569369303e-01
4.465605034569369858e-01
4.465605034569369303e-01
4.465605034569369303e-01
4.465605034569369303e-01
4.465605034569369858e-01
4.465605034569369858e-01
4.465605034569369858e-01
4.465605034569369303e-01
4.465605034569369858e-01
4.465605034569369858e-01
4.465605034569369858e-01
4.465605034569369303e-01
4.465605034569369858e-01
4.465605034569369303e-01
4.465605034569369303e-01
4.465605034569369303e-01
4.465605034569369303e-01
4.465605034569369303e-01
4.465605034569369303e-01
4.465605034569369858e-01
4.465605034569369858e-01
4.465605034569369858e-01
4.465605034569369858e-01
4.465605034569369858e-01
4.465605034569369858e-01
4.465605034569369303e-01
4.465605034569369303e-01
4.465605034569369303e-01
4.465605034569369858e-01
4.465605034569369303e-01
4.465605034569369858e-01
4.465605034569369858e-01
4.465605034569369858e-01
4.465605034569369303e-01
4.465605034569369303e-01
4.465605034569369858e-01
4.465605034569369858e-01
4.465605034569369303e-01
4.465605034569369303e-01
4.465605034569369858e-01
4.465605034569369858e-01
4.465605034569369303e-01
4.465605034569369303e-01
4.465605034569369303e-01
4.465605034569369303e-01
4.465605034569369303e-01
4.465605034569369303e-01
4.465605034569369303e-01
4.465605034569369858e-01
4.465605034569369303e-01
4.465605034569369858e-01
4.465605034569369303e-01
4.465605034569369858e-01
4.465605034569369303e-01
4.465605034569369858e-01
4.465605034569369858e-01
4.465605034569369303e-01
4.465605034569369858e-01
4.465605034569369303e-01
4.465605034569369303e-01
4.465605034569369303e-01
4.465605034569369858e-01
4.465605034569369858e-01
4.465605034569369303e-01
4.465605034569369858e-01
4.465605034569369858e-01
4.465605034569369858e-01
4.465605034569369858e-01
4.465605034569369303e-01
4.465605034569369858e-01
4.465605034569369858e-01
4.465605034569369858e-01
4.465605034569369858e-01
4.465605034569369303e-01
4.465605034569369858e-01
4.465605034569369303e-01
4.465605034569369858e-01
4.465605034569369858e-01
4.465605034569369303e-01
4.465605034569369858e-01
4.465605034569368192e-01
4.465605034569369303e-01
4.465605034569369303e-01
4.465605034569369303e-01
4.465605034569369303e-01
4.465605034569369858e-01
4.465605034569369303e-01
4.465605034569369303e-01
4.465605034569369303e-01
