2.144060769023692636e-01
2.144060394059244257e-01
2.144060460625496212e-01
2.144060703979243920e-01
2.144060887562179996e-01
2.144060898976954954e-01
2.144060764765134131e-01
2.144060598551562058e-01
2.144060522039584749e-01
2.144060600533466976e-01
2.144060818510348521e-01
2.144061097405811633e-01
2.144061338845830722e-01
2.144061469130623399e-01
2.144061465414787981e-01
2.144061356031365939e-01
2.144061200006734391e-01
2.144061058516496809e-01
2.144060971662859194e-01
2.144060948820706580e-01
2.144060973355795818e-01
2.144061016414282039e-01
2.144061051978319865e-01
2.144061066707801666e-01
2.144061061808585078e-01
2.144061048168042494e-01
2.144061038532817653e-01
2.144061040845160471e-01
2.144061055369888280e-01
2.144061075987785392e-01
2.144061094140155554e-01
2.144061103103810650e-01
2.144061100649778118e-01
2.144061089263915587e-01
2.144061074333334926e-01
2.144061061484192898e-01
2.144061054361110497e-01
2.144061053673473327e-01
2.144061057623626032e-01
2.144061063231584574e-01
2.144061067808722687e-01
2.144061069942871378e-01
2.144061069708555201e-01
2.144061068205927179e-01
2.144061066787728842e-01
2.144061066378519509e-01
2.144061067154554856e-01
2.144061068635142453e-01
2.144061070048193796e-01
2.144061070746807740e-01
2.144061070482993492e-01
2.144061069450092227e-01
2.144061068124824276e-01
2.144061067019108480e-01
2.144061066466328436e-01
2.144061066524925729e-01
2.144061067014521593e-01
2.144061067640737894e-01
2.144061068137504966e-01
2.144061068364349620e-01
2.144061068329131681e-01
2.144061068144532400e-01
2.144061067952279798e-01
2.144061067854571567e-01
2.144061067879800553e-01
2.144061067988789482e-01
2.144061068109097412e-01
2.144061068175928952e-01
2.144061068160377226e-01
2.144061068075608645e-01
2.144061067963225209e-01
2.144061067870022264e-01
2.144061067827232880e-01
2.144061067840592749e-01
2.144061067893117400e-01
2.144061067956689881e-01
2.144061068005691517e-01
2.144061068026558714e-01
2.144061068020232663e-01
2.144061067998111192e-01
2.144061067974697421e-01
2.144061067960787992e-01
2.144061067959899258e-01
2.144061067968666412e-01
2.144061067980084501e-01
2.144061067987531322e-01
2.144061067987674263e-01
2.144061067981249402e-01
2.144061067971890500e-01
2.144061067963938527e-01
2.144061067960411626e-01
2.144061067961967604e-01
2.144061067967089618e-01
2.144061067973151991e-01
2.144061067977722779e-01
2.144061067979501634e-01
2.144061067978585422e-01
2.144061067976099078e-01
2.144061067973488943e-01
2.144061067971856360e-01
