4.846744013401931839e-01
4.846744013728152001e-01
4.846744013919117022e-01
4.846744014012894231e-01
4.846744014038968928e-01
4.846744014019814251e-01
4.846744013972238418e-01
4.846744013908551030e-01
4.846744013837533949e-01
4.846744013765250103e-01
4.846744013695696296e-01
4.846744013631331671e-01
4.846744013573500154e-01
4.846744013522752415e-01
4.846744013479097335e-01
4.846744013442191301e-01
4.846744013411479757e-01
4.846744013386300454e-01
4.846744013365950066e-01
4.846744013349733593e-01
4.846744013336998780e-01
4.846744013327148326e-01
4.846744013319655986e-01
4.846744013314061572e-01
4.846744013309975951e-01
4.846744013307068277e-01
4.846744013305069876e-01
4.846744013303759813e-01
4.846744013302959342e-01
4.846744013302531906e-01
4.846744013302363707e-01
4.846744013302376475e-01
4.846744013302503595e-01
4.846744013302698439e-01
4.846744013302928256e-01
4.846744013303170284e-01
4.846744013303406762e-01
4.846744013303629361e-01
4.846744013303830867e-01
4.846744013304010168e-01
4.846744013304165044e-01
4.846744013304297161e-01
4.846744013304407628e-01
4.846744013304498666e-01
4.846744013304572496e-01
4.846744013304633003e-01
4.846744013304678522e-01
4.846744013304715715e-01
4.846744013304744025e-01
4.846744013304764009e-01
4.846744013304780108e-01
4.846744013304791210e-01
4.846744013304798981e-01
4.846744013304803977e-01
4.846744013304806753e-01
4.846744013304808418e-01
4.846744013304810084e-01
4.846744013304810084e-01
4.846744013304808973e-01
4.846744013304810084e-01
4.846744013304808418e-01
4.846744013304807863e-01
4.846744013304806753e-01
4.846744013304805643e-01
4.846744013304805643e-01
4.846744013304804533e-01
4.846744013304803977e-01
4.846744013304802867e-01
4.846744013304802867e-01
4.846744013304802867e-01
4.846744013304802867e-01
4.846744013304802867e-01
4.846744013304802867e-01
4.846744013304801757e-01
4.846744013304801757e-01
4.846744013304802867e-01
4.846744013304802867e-01
4.846744013304802867e-01
4.846744013304802867e-01
4.846744013304801757e-01
4.846744013304801757e-01
4.846744013304801757e-01
4.846744013304801757e-01
4.846744013304802867e-01
4.846744013304801202e-01
4.846744013304801202e-01
4.846744013304801202e-01
4.846744013304801757e-01
4.846744013304801202e-01
4.846744013304801202e-01
4.846744013304801202e-01
4.846744013304801202e-01
4.846744013304801202e-01
4.846744013304801202e-01
4.846744013304801202e-01
4.846744013304802867e-01
4.846744013304801202e-01
4.846744013304801757e-01
4.846744013304801757e-01
4.846744013304802867e-01
