4.925422578588136702e-01
4.925422578588136147e-01
4.925422578588136702e-01
4.925422578588136702e-01
4.925422578588136702e-01
4.925422578588137257e-01
4.925422578588136702e-01
4.925422578588136702e-01
4.925422578588136702e-01
4.925422578588136702e-01
4.925422578588136702e-01
4.925422578588136702e-01
4.925422578588136702e-01
4.925422578588136702e-01
4.925422578588136702e-01
4.925422578588136702e-01
4.925422578588136702e-01
4.925422578588136702e-01
4.925422578588136702e-01
4.925422578588136702e-01
4.925422578588136702e-01
4.925422578588136702e-01
4.925422578588136702e-01
4.925422578588137257e-01
4.925422578588136702e-01
4.925422578588136702e-01
4.925422578588138367e-01
4.925422578588136702e-01
4.925422578588136702e-01
4.925422578588138367e-01
4.925422578588137257e-01
4.925422578588137257e-01
4.925422578588136702e-01
4.925422578588136702e-01
4.925422578588136702e-01
4.925422578588136702e-01
4.925422578588136702e-01
4.925422578588136702e-01
4.925422578588136702e-01
4.925422578588136702e-01
4.925422578588136702e-01
4.925422578588136702e-01
4.925422578588136702e-01
4.925422578588136702e-01
4.925422578588137257e-01
4.925422578588136702e-01
4.925422578588138367e-01
4.925422578588136702e-01
4.925422578588136702e-01
4.925422578588136702e-01
4.925422578588136702e-01
4.925422578588138367e-01
4.925422578588136702e-01
4.925422578588136702e-01
4.925422578588136702e-01
4.925422578588136702e-01
4.925422578588136702e-01
4.925422578588136702e-01
4.925422578588136702e-01
4.925422578588136702e-01
4.925422578588136702e-01
4.925422578588136702e-01
4.925422578588136702e-01
4.925422578588136702e-01
4.925422578588136702e-01
4.925422578588136702e-01
4.925422578588136702e-01
4.925422578588136702e-01
4.925422578588136702e-01
4.925422578588136702e-01
4.925422578588136702e-01
4.925422578588136147e-01
4.925422578588136702e-01
4.925422578588136702e-01
4.925422578588136702e-01
4.925422578588136702e-01
4.925422578588136702e-01
4.925422578588136702e-01
4.925422578588136702e-01
4.925422578588136702e-01
4.925422578588136702e-01
4.925422578588136702e-01
4.925422578588136702e-01
4.925422578588136702e-01
4.925422578588136702e-01
4.925422578588136702e-01
4.925422578588136702e-01
4.925422578588136702e-01
4.925422578588136702e-01
4.925422578588136702e-01
4.925422578588136702e-01
4.925422578588136702e-01
4.925422578588138367e-01
4.925422578588137257e-01
4.925422578588137257e-01
4.925422578588136702e-01
4.925422578588136702e-01
4.925422578588136702e-01
4.925422578588136702e-01
4.925422578588136702e-01
