5.950978378639960598e-01
6.020176190821717732e-01
6.055316878930850910e-01
6.039547429346331375e-01
6.022712105729118859e-01
6.047781083269802016e-01
6.048453986330104559e-01
6.026010164345508846e-01
5.967259596927715348e-01
5.936050241253909565e-01
5.942545356470257945e-01
6.027062064509166595e-01
6.017576207707897584e-01
6.039335470689599639e-01
5.990116484319256696e-01
5.939553748340857808e-01
6.034171459591636255e-01
6.049280495107169919e-01
6.032364007941352080e-01
6.044446183563959574e-01
6.051220865906934421e-01
6.045455902244266655e-01
6.015780443266594002e-01
5.959058542121132840e-01
5.928272836974269877e-01
5.956643037983835320e-01
6.027842645023057111e-01
6.020314185678025121e-01
6.043437924551360307e-01
5.973535499880161526e-01
5.966094358638008854e-01
6.033149663149424136e-01
6.038918897115790330e-01
6.026750294699120269e-01
6.047449673240928858e-01
6.050876728082486000e-01
6.039511342117043213e-01
5.996769690724927937e-01
5.951772144214857452e-01
5.927903206556437432e-01
5.986885640239512085e-01
6.013667743766059059e-01
6.024417337268768158e-01
6.035009280670917686e-01
5.955356174019179605e-01
6.015052717068019028e-01
6.053831050874929343e-01
6.039819942933196684e-01
6.022859854824977877e-01
6.047805537608857973e-01
6.049773609562808518e-01
6.029808765997428655e-01
5.972808246093095352e-01
5.940440550183727630e-01
5.939568749138969261e-01
6.022758108826721246e-01
6.013733379776674548e-01
6.035751389510061182e-01
6.003366049702635321e-01
5.938642479751947700e-01
6.033845259775107994e-01
6.057761081877932607e-01
6.036057065931994536e-01
6.034417975350060415e-01
6.050293657902445776e-01
6.047667943724561734e-01
6.023125473135321206e-01
5.963588384710198920e-01
5.932903721628657312e-01
5.945327465970556835e-01
6.028618378653420873e-01
6.019630425120473527e-01
6.041071151536310246e-01
5.981802299225248420e-01
5.944587638571333654e-01
6.034176234745814993e-01
6.043338756396403610e-01
6.032520545153798874e-01
6.050064522750476792e-01
6.050243430981246950e-01
6.041394435197892099e-01
6.002689296639354133e-01
5.954714502998287307e-01
5.926608007552147672e-01
5.976330513403453892e-01
6.019397685199394665e-01
6.023274182286366685e-01
6.039092654093056733e-01
5.959379286574657542e-01
6.008521000749326157e-01
6.050521237104825589e-01
6.039013897037619483e-01
6.023379997099065353e-01
6.048036250704188488e-01
6.050630674524555275e-01
6.033230280616485031e-01
5.979426677053261141e-01
5.943424075944460094e-01
5.936239320094114369e-01
6.015629727005794569e-01
