5.636592052136457642e-01
5.636592052136456532e-01
5.636592052136456532e-01
5.636592052136455422e-01
5.636592052136455422e-01
5.636592052136455422e-01
5.636592052136455422e-01
5.636592052136455422e-01
5.636592052136456532e-01
5.636592052136455422e-01
5.636592052136455422e-01
5.636592052136455422e-01
5.636592052136455422e-01
5.636592052136455422e-01
5.636592052136455422e-01
5.636592052136455422e-01
5.636592052136455422e-01
5.636592052136455422e-01
5.636592052136455422e-01
5.636592052136455422e-01
5.636592052136454312e-01
5.636592052136455422e-01
5.636592052136455422e-01
5.636592052136455422e-01
5.636592052136455422e-01
5.636592052136455422e-01
5.636592052136455422e-01
5.636592052136455422e-01
5.636592052136455422e-01
5.636592052136455422e-01
5.636592052136455422e-01
5.636592052136455422e-01
5.636592052136455422e-01
5.636592052136455422e-01
5.636592052136455422e-01
5.636592052136455422e-01
5.636592052136455422e-01
5.636592052136455422e-01
5.636592052136455422e-01
5.636592052136455422e-01
5.636592052136455422e-01
5.636592052136456532e-01
5.636592052136456532e-01
5.636592052136455422e-01
5.636592052136455422e-01
5.636592052136455422e-01
5.636592052136456532e-01
5.636592052136455422e-01
5.636592052136455422e-01
5.636592052136455422e-01
5.636592052136455422e-01
5.636592052136456532e-01
5.636592052136455422e-01
5.636592052136455422e-01
5.636592052136455422e-01
5.636592052136455422e-01
5.636592052136455422e-01
5.636592052136455422e-01
5.636592052136455422e-01
5.636592052136455422e-01
5.636592052136455422e-01
5.636592052136455422e-01
5.636592052136455422e-01
5.636592052136455422e-01
5.636592052136455422e-01
5.636592052136455422e-01
5.636592052136455422e-01
5.636592052136455422e-01
5.636592052136455422e-01
5.636592052136455422e-01
5.636592052136455422e-01
5.636592052136455422e-01
5.636592052136455422e-01
5.636592052136455422e-01
5.636592052136455422e-01
5.636592052136455422e-01
5.636592052136455422e-01
5.636592052136455422e-01
5.636592052136455422e-01
5.636592052136455422e-01
5.636592052136455422e-01
5.636592052136454312e-01
5.636592052136455422e-01
5.636592052136455422e-01
5.636592052136455422e-01
5.636592052136454312e-01
5.636592052136454312e-01
5.636592052136455422e-01
5.636592052136455422e-01
5.636592052136455422e-01
5.636592052136455422e-01
5.636592052136455422e-01
5.636592052136455422e-01
5.636592052136455422e-01
5.636592052136454312e-01
5.636592052136455422e-01
5.636592052136455422e-01
5.636592052136455422e-01
5.636592052136455422e-01
5.636592052136455422e-01
