5.193551998869933017e-01
5.193552244601924439e-01
5.193552450071120541e-01
5.193552412878355007e-01
5.193552297053900535e-01
5.193552304945315834e-01
5.193552411786330758e-01
5.193552473845806094e-01
5.193552448833193003e-01
5.193552414979758503e-01
5.193552432862704737e-01
5.193552475889224862e-01
5.193552493240133350e-01
5.193552481846346325e-01
5.193552474316496248e-01
5.193552486280814673e-01
5.193552502718085107e-01
5.193552507219415526e-01
5.193552503096617867e-01
5.193552502683791428e-01
5.193552508949363933e-01
5.193552515017159088e-01
5.193552516154333887e-01
5.193552515024679739e-01
5.193552515909195533e-01
5.193552518847298627e-01
5.193552521055312399e-01
5.193552521393035581e-01
5.193552521263121724e-01
5.193552522022383267e-01
5.193552523320742464e-01
5.193552524133148163e-01
5.193552524285264260e-01
5.193552524398109549e-01
5.193552524854634367e-01
5.193552525411241350e-01
5.193552525722818780e-01
5.193552525816428345e-01
5.193552525938573972e-01
5.193552526178618622e-01
5.193552526415062820e-01
5.193552526543067094e-01
5.193552526603787411e-01
5.193552526686929793e-01
5.193552526805019776e-01
5.193552526906265454e-01
5.193552526963205462e-01
5.193552527000733221e-01
5.193552527048914680e-01
5.193552527105045336e-01
5.193552527149321030e-01
5.193552527176442668e-01
5.193552527198276314e-01
5.193552527224022386e-01
5.193552527250299145e-01
5.193552527270224317e-01
5.193552527283731290e-01
5.193552527295807186e-01
5.193552527308944455e-01
5.193552527321209089e-01
5.193552527330449475e-01
5.193552527337323976e-01
5.193552527343747727e-01
5.193552527350274728e-01
5.193552527356027904e-01
5.193552527360426607e-01
5.193552527363946014e-01
5.193552527367268912e-01
5.193552527370461913e-01
5.193552527373185290e-01
5.193552527375322470e-01
5.193552527377117700e-01
5.193552527378800798e-01
5.193552527380352890e-01
5.193552527381655182e-01
5.193552527382707673e-01
5.193552527383618056e-01
5.193552527384459605e-01
5.193552527385212336e-01
5.193552527385842943e-01
5.193552527386363638e-01
5.193552527386822160e-01
5.193552527387237383e-01
5.193552527387604867e-01
5.193552527387910178e-01
5.193552527388168860e-01
5.193552527388398676e-01
5.193552527388604068e-01
5.193552527388781703e-01
5.193552527388931583e-01
5.193552527389060369e-01
5.193552527389174722e-01
5.193552527389274642e-01
5.193552527389363460e-01
5.193552527389436735e-01
5.193552527389501128e-01
5.193552527389556639e-01
5.193552527389605489e-01
5.193552527389648787e-01
5.193552527389685425e-01
