4.928819052005417034e-01
4.928819052005415369e-01
4.928819052005415369e-01
4.928819052005415369e-01
4.928819052005414258e-01
4.928819052005414258e-01
4.928819052005414258e-01
4.928819052005414258e-01
4.928819052005414258e-01
4.928819052005414258e-01
4.928819052005414258e-01
4.928819052005414258e-01
4.928819052005414258e-01
4.928819052005414258e-01
4.928819052005414258e-01
4.928819052005414814e-01
4.928819052005414258e-01
4.928819052005414258e-01
4.928819052005414258e-01
4.928819052005414258e-01
4.928819052005414258e-01
4.928819052005414258e-01
4.928819052005414258e-01
4.928819052005414258e-01
4.928819052005414258e-01
4.928819052005414258e-01
4.928819052005414258e-01
4.928819052005414814e-01
4.928819052005414258e-01
4.928819052005414258e-01
4.928819052005414814e-01
4.928819052005414258e-01
4.928819052005414258e-01
4.928819052005414258e-01
4.928819052005414258e-01
4.928819052005414814e-01
4.928819052005414258e-01
4.928819052005414258e-01
4.928819052005414258e-01
4.928819052005414258e-01
4.928819052005414258e-01
4.928819052005414258e-01
4.928819052005414258e-01
4.928819052005414258e-01
4.928819052005414258e-01
4.928819052005414258e-01
4.928819052005414258e-01
4.928819052005414258e-01
4.928819052005414258e-01
4.928819052005414814e-01
4.928819052005414258e-01
4.928819052005414258e-01
4.928819052005414258e-01
4.928819052005414258e-01
4.928819052005414258e-01
4.928819052005414258e-01
4.928819052005414258e-01
4.928819052005414258e-01
4.928819052005414258e-01
4.928819052005414258e-01
4.928819052005414814e-01
4.928819052005414258e-01
4.928819052005414814e-01
4.928819052005414258e-01
4.928819052005414814e-01
4.928819052005414814e-01
4.928819052005414814e-01
4.928819052005414814e-01
4.928819052005414258e-01
4.928819052005414258e-01
4.928819052005414258e-01
4.928819052005414258e-01
4.928819052005414258e-01
4.928819052005414258e-01
4.928819052005414258e-01
4.928819052005414258e-01
4.928819052005414258e-01
4.928819052005414258e-01
4.928819052005414258e-01
4.928819052005414258e-01
4.928819052005414814e-01
4.928819052005414814e-01
4.928819052005414258e-01
4.928819052005414258e-01
4.928819052005414258e-01
4.928819052005414258e-01
4.928819052005414258e-01
4.928819052005414258e-01
4.928819052005414258e-01
4.928819052005414258e-01
4.928819052005414814e-01
4.928819052005414258e-01
4.928819052005414814e-01
4.928819052005414814e-01
4.928819052005414814e-01
4.928819052005414258e-01
4.928819052005414258e-01
4.928819052005414814e-01
4.928819052005414814e-01
4.928819052005414814e-01
