5.247509617203950372e-01
5.247509617410662797e-01
5.247509617591549214e-01
5.247509617749841482e-01
5.247509617888357347e-01
5.247509618009571497e-01
5.247509618115641095e-01
5.247509618208461291e-01
5.247509618289686317e-01
5.247509618360763906e-01
5.247509618422961930e-01
5.247509618477389504e-01
5.247509618525018071e-01
5.247509618566695844e-01
5.247509618603168891e-01
5.247509618635083362e-01
5.247509618663013242e-01
5.247509618687453692e-01
5.247509618708839918e-01
5.247509618727554948e-01
5.247509618743932958e-01
5.247509618758263716e-01
5.247509618770805906e-01
5.247509618781779350e-01
5.247509618791381669e-01
5.247509618799786058e-01
5.247509618807139065e-01
5.247509618813575027e-01
5.247509618819206079e-01
5.247509618824134359e-01
5.247509618828445355e-01
5.247509618832219003e-01
5.247509618835519696e-01
5.247509618838408496e-01
5.247509618840937584e-01
5.247509618843151369e-01
5.247509618845086488e-01
5.247509618846781798e-01
5.247509618848263946e-01
5.247509618849561797e-01
5.247509618850697555e-01
5.247509618851690094e-01
5.247509618852559399e-01
5.247509618853321012e-01
5.247509618853987146e-01
5.247509618854570013e-01
5.247509618855079605e-01
5.247509618855525915e-01
5.247509618855916713e-01
5.247509618856258662e-01
5.247509618856559532e-01
5.247509618856820435e-01
5.247509618857048030e-01
5.247509618857247871e-01
5.247509618857422176e-01
5.247509618857575386e-01
5.247509618857710834e-01
5.247509618857827407e-01
5.247509618857929548e-01
5.247509618858020586e-01
5.247509618858099412e-01
5.247509618858169356e-01
5.247509618858229308e-01
5.247509618858282598e-01
5.247509618858330338e-01
5.247509618858369196e-01
5.247509618858403613e-01
5.247509618858434699e-01
5.247509618858460234e-01
5.247509618858484659e-01
5.247509618858503533e-01
5.247509618858522407e-01
5.247509618858539060e-01
5.247509618858552383e-01
5.247509618858564595e-01
5.247509618858574587e-01
5.247509618858583469e-01
5.247509618858592351e-01
5.247509618858599012e-01
5.247509618858606784e-01
5.247509618858613445e-01
5.247509618858618996e-01
5.247509618858622327e-01
5.247509618858626768e-01
5.247509618858630098e-01
5.247509618858632319e-01
5.247509618858635649e-01
5.247509618858637870e-01
5.247509618858638980e-01
5.247509618858641200e-01
5.247509618858641200e-01
5.247509618858643421e-01
5.247509618858643421e-01
5.247509618858644531e-01
5.247509618858645641e-01
5.247509618858647862e-01
5.247509618858647862e-01
5.247509618858647862e-01
5.247509618858647862e-01
5.247509618858647862e-01
