4.390509786757295085e-01
4.390509826394661252e-01
4.390509829511615170e-01
4.390509804058340682e-01
4.390509759336969631e-01
4.390509704666299418e-01
4.390509648348135396e-01
4.390509596980885498e-01
4.390509555117310114e-01
4.390509525226011234e-01
4.390509507891922070e-01
4.390509502179394397e-01
4.390509506080850222e-01
4.390509516982034066e-01
4.390509532088681666e-01
4.390509548776219129e-01
4.390509564841317824e-01
4.390509578649765543e-01
4.390509589187863160e-01
4.390509596033560502e-01
4.390509599268745400e-01
4.390509599355759129e-01
4.390509596999895292e-01
4.390509593016272971e-01
4.390509588214812631e-01
4.390509583311896780e-01
4.390509578872443530e-01
4.390509575281865140e-01
4.390509572744229483e-01
4.390509571300896807e-01
4.390509570862887734e-01
4.390509571250321152e-01
4.390509572232933477e-01
4.390509573566969692e-01
4.390509575025187683e-01
4.390509576418222815e-01
4.390509577606916958e-01
4.390509578506293087e-01
4.390509579082652603e-01
4.390509579345647229e-01
4.390509579337367740e-01
4.390509579120334127e-01
4.390509578765935950e-01
4.390509578344537478e-01
4.390509577917923734e-01
4.390509577534432162e-01
4.390509577226653359e-01
4.390509577011410536e-01
4.390509576891480359e-01
4.390509576858471763e-01
4.390509576896295951e-01
4.390509576984687468e-01
4.390509577102393868e-01
4.390509577229748106e-01
4.390509577350485970e-01
4.390509577452763601e-01
4.390509577529470575e-01
4.390509577577935696e-01
4.390509577599214786e-01
4.390509577597130342e-01
4.390509577577217937e-01
4.390509577545727571e-01
4.390509577508767136e-01
4.390509577471664593e-01
4.390509577438553857e-01
4.390509577412184949e-01
4.390509577393945650e-01
4.390509577384002493e-01
4.390509577381570550e-01
4.390509577385214857e-01
4.390509577393150731e-01
4.390509577403526875e-01
4.390509577414644093e-01
4.390509577425105170e-01
4.390509577433900357e-01
4.390509577440438460e-01
4.390509577444507983e-01
4.390509577446221057e-01
4.390509577445922407e-01
4.390509577444102196e-01
4.390509577441306654e-01
4.390509577438066469e-01
4.390509577434840716e-01
4.390509577431983557e-01
4.390509577429726473e-01
4.390509577428182153e-01
4.390509577427358368e-01
4.390509577427186838e-01
4.390509577427533228e-01
4.390509577428245436e-01
4.390509577429158594e-01
4.390509577430128374e-01
4.390509577431034316e-01
4.390509577431790933e-01
4.390509577432347710e-01
4.390509577432688548e-01
4.390509577432826216e-01
4.390509577432789023e-01
4.390509577432623045e-01
4.390509577432376020e-01
