4.342744074400080034e-01
4.342744074400080034e-01
4.342744074400079479e-01
4.342744074400079479e-01
4.342744074400080034e-01
4.342744074400079479e-01
4.342744074400080034e-01
4.342744074400080034e-01
4.342744074400080034e-01
4.342744074400080034e-01
4.342744074400080034e-01
4.342744074400080034e-01
4.342744074400080034e-01
4.342744074400079479e-01
4.342744074400080034e-01
4.342744074400080034e-01
4.342744074400080034e-01
4.342744074400080034e-01
4.342744074400080034e-01
4.342744074400080034e-01
4.342744074400080034e-01
4.342744074400080034e-01
4.342744074400080034e-01
4.342744074400078924e-01
4.342744074400079479e-01
4.342744074400079479e-01
4.342744074400080034e-01
4.342744074400080034e-01
4.342744074400079479e-01
4.342744074400080034e-01
4.342744074400080034e-01
4.342744074400080034e-01
4.342744074400080034e-01
4.342744074400080034e-01
4.342744074400080034e-01
4.342744074400080034e-01
4.342744074400079479e-01
4.342744074400080034e-01
4.342744074400080034e-01
4.342744074400080034e-01
4.342744074400080034e-01
4.342744074400080034e-01
4.342744074400080034e-01
4.342744074400080034e-01
4.342744074400080034e-01
4.342744074400080034e-01
4.342744074400080034e-01
4.342744074400080034e-01
4.342744074400080034e-01
4.342744074400080034e-01
4.342744074400080034e-01
4.342744074400080034e-01
4.342744074400080034e-01
4.342744074400080034e-01
4.342744074400080034e-01
4.342744074400080034e-01
4.342744074400080034e-01
4.342744074400080034e-01
4.342744074400080034e-01
4.342744074400080034e-01
4.342744074400080034e-01
4.342744074400080034e-01
4.342744074400080034e-01
4.342744074400080034e-01
4.342744074400080034e-01
4.342744074400080034e-01
4.342744074400080034e-01
4.342744074400080034e-01
4.342744074400080034e-01
4.342744074400080034e-01
4.342744074400080034e-01
4.342744074400080034e-01
4.342744074400080034e-01
4.342744074400080034e-01
4.342744074400080034e-01
4.342744074400080034e-01
4.342744074400080034e-01
4.342744074400080034e-01
4.342744074400080034e-01
4.342744074400080034e-01
4.342744074400080034e-01
4.342744074400079479e-01
4.342744074400080034e-01
4.342744074400080034e-01
4.342744074400080034e-01
4.342744074400080034e-01
4.342744074400079479e-01
4.342744074400080034e-01
4.342744074400080034e-01
4.342744074400080034e-01
4.342744074400080034e-01
4.342744074400080034e-01
4.342744074400080034e-01
4.342744074400080034e-01
4.342744074400080034e-01
4.342744074400080034e-01
4.342744074400080034e-01
4.342744074400079479e-01
4.342744074400080034e-01
4.342744074400080034e-01
