4.552008345199687334e-01
4.552012201177010331e-01
4.552015469842389805e-01
4.552018241424883871e-01
4.552020592090676443e-01
4.552022586184353847e-01
4.552024278102129173e-01
4.552025713859297884e-01
4.552026932403572812e-01
4.552027966716978291e-01
4.552028844741648483e-01
4.552029590158697125e-01
4.552030223044301604e-01
4.552030760423007583e-01
4.552031216734830910e-01
4.552031604229947459e-01
4.552031933302462252e-01
4.552032212772848530e-01
4.552032450127079799e-01
4.552032651719197798e-01
4.552032822942959633e-01
4.552032968377347499e-01
4.552033091909932772e-01
4.552033196841497875e-01
4.552033285974783072e-01
4.552033361689767910e-01
4.552033426007541794e-01
4.552033480644510077e-01
4.552033527058385598e-01
4.552033566487230232e-01
4.552033599982585610e-01
4.552033628437611168e-01
4.552033652610948944e-01
4.552033673147012349e-01
4.552033690593189630e-01
4.552033705414462728e-01
4.552033718005822349e-01
4.552033728702807869e-01
4.552033737790459056e-01
4.552033745510918883e-01
4.552033752069891692e-01
4.552033757642125478e-01
4.552033762376077042e-01
4.552033766397863279e-01
4.552033769814626818e-01
4.552033772717389848e-01
4.552033775183476072e-01
4.552033777278582383e-01
4.552033779058515250e-01
4.552033780570690635e-01
4.552033781855386874e-01
4.552033782946825480e-01
4.552033783874080419e-01
4.552033784661846383e-01
4.552033785331111027e-01
4.552033785899698981e-01
4.552033786382754244e-01
4.552033786793144854e-01
4.552033787141801513e-01
4.552033787438009571e-01
4.552033787689659383e-01
4.552033787903455586e-01
4.552033788085089738e-01
4.552033788239400747e-01
4.552033788370501433e-01
4.552033788481879006e-01
4.552033788576502760e-01
4.552033788656892899e-01
4.552033788725189378e-01
4.552033788783212409e-01
4.552033788832507422e-01
4.552033788874388365e-01
4.552033788909968237e-01
4.552033788940195724e-01
4.552033788965877403e-01
4.552033788987694396e-01
4.552033789006230124e-01
4.552033789021978083e-01
4.552033789035356270e-01
4.552033789046722734e-01
4.552033789056378899e-01
4.552033789064582336e-01
4.552033789071551761e-01
4.552033789077473691e-01
4.552033789082504112e-01
4.552033789086778470e-01
4.552033789090408344e-01
4.552033789093493654e-01
4.552033789096113781e-01
4.552033789098340333e-01
4.552033789100232708e-01
4.552033789101839756e-01
4.552033789103205330e-01
4.552033789104364958e-01
4.552033789105350281e-01
4.552033789106187944e-01
4.552033789106899042e-01
4.552033789107503003e-01
4.552033789108016482e-01
4.552033789108451134e-01
