4.375502172109909660e-01
4.375503666770270694e-01
4.375515679681504788e-01
4.375534812543185881e-01
4.375556427097690992e-01
4.375575730193669854e-01
4.375588794173557727e-01
4.375593314103101150e-01
4.375588972542761579e-01
4.375577364758466148e-01
4.375561524206713071e-01
4.375545169195010353e-01
4.375531849747762991e-01
4.375524190692909876e-01
4.375523394646451125e-01
4.375529095996361639e-01
4.375539567488010984e-01
4.375552201247585038e-01
4.375564135077452677e-01
4.375572879120387393e-01
4.375576813513709640e-01
4.375575465436075673e-01
4.375569524585798953e-01
4.375560611109070019e-01
4.375550860520218133e-01
4.375542426427672660e-01
4.375537015081719106e-01
4.375535551989870875e-01
4.375538043950609746e-01
4.375543650670712381e-01
4.375550932320897424e-01
4.375558204435713860e-01
4.375563915590964803e-01
4.375566966703503535e-01
4.375566909997040121e-01
4.375563995164885034e-01
4.375559063932764059e-01
4.375553325799433346e-01
4.375548071099317760e-01
4.375544387768693366e-01
4.375542943120631634e-01
4.375543873214071677e-01
4.375546795312418302e-01
4.375550930637154834e-01
4.375555301870518998e-01
4.375558957109314528e-01
4.375561170698127889e-01
4.375561580425408881e-01
4.375560237043176204e-01
4.375557562146946133e-01
4.375554230002506317e-01
4.375551004038607528e-01
4.375548566427812647e-01
4.375547378039129076e-01
4.375547596729034705e-01
4.375549067071442533e-01
4.375551378047263240e-01
4.375553970835528994e-01
4.375556269637664863e-01
4.375557805860785798e-01
4.375558309835314574e-01
4.375557753127484184e-01
4.375556336202955920e-01
4.375554428139123986e-01
4.375552474809586978e-01
4.375550897554832397e-01
4.375550004824489414e-01
4.375549934816659325e-01
4.375550639060470370e-01
4.375551907261190920e-01
4.375553424819731418e-01
4.375554848138993314e-01
4.375555880251466578e-01
4.375556330641329761e-01
4.375556147755670922e-01
4.375555419371374710e-01
4.375554343171556559e-01
4.375553176057376259e-01
4.375552174643025372e-01
4.375551540356657498e-01
4.375551380576765959e-01
4.375551692910751300e-01
4.375552374190736504e-01
4.375553250328405031e-01
4.375554119009522069e-01
4.375554795105697781e-01
4.375555148904450298e-01
4.375555129562081480e-01
4.375554769912945452e-01
4.375554173031328542e-01
4.375553484803277882e-01
4.375552859436822040e-01
4.375552425832242576e-01
4.375552261951818900e-01
4.375552382066666413e-01
4.375552738617696225e-01
4.375553237158237296e-01
4.375553760164720973e-01
4.375554193937389313e-01
4.375554452606550959e-01
