3.876877296280519247e-01
3.876877296280519247e-01
3.876877296280519247e-01
3.876877296280519247e-01
3.876877296280519247e-01
3.876877296280519247e-01
3.876877296280519247e-01
3.876877296280519247e-01
3.876877296280519247e-01
3.876877296280519247e-01
3.876877296280519247e-01
3.876877296280519247e-01
3.876877296280519247e-01
3.876877296280519802e-01
3.876877296280519247e-01
3.876877296280519247e-01
3.876877296280519247e-01
3.876877296280519802e-01
3.876877296280519802e-01
3.876877296280519247e-01
3.876877296280519247e-01
3.876877296280519247e-01
3.876877296280519247e-01
3.876877296280519247e-01
3.876877296280519247e-01
3.876877296280519247e-01
3.876877296280519247e-01
3.876877296280519247e-01
3.876877296280519247e-01
3.876877296280519247e-01
3.876877296280519802e-01
3.876877296280519247e-01
3.876877296280519802e-01
3.876877296280519247e-01
3.876877296280519247e-01
3.876877296280519247e-01
3.876877296280519247e-01
3.876877296280519247e-01
3.876877296280519802e-01
3.876877296280519802e-01
3.876877296280519247e-01
3.876877296280519247e-01
3.876877296280519247e-01
3.876877296280519247e-01
3.876877296280519247e-01
3.876877296280519247e-01
3.876877296280519247e-01
3.876877296280519247e-01
3.876877296280519247e-01
3.876877296280519247e-01
3.876877296280519247e-01
3.876877296280519247e-01
3.876877296280519247e-01
3.876877296280519247e-01
3.876877296280519247e-01
3.876877296280519247e-01
3.876877296280519247e-01
3.876877296280519247e-01
3.876877296280519247e-01
3.876877296280519247e-01
3.876877296280519247e-01
3.876877296280519247e-01
3.876877296280519247e-01
3.876877296280519247e-01
3.876877296280519247e-01
3.876877296280519247e-01
3.876877296280519247e-01
3.876877296280519247e-01
3.876877296280519247e-01
3.876877296280519247e-01
3.876877296280519247e-01
3.876877296280519247e-01
3.876877296280519247e-01
3.876877296280519247e-01
3.876877296280519247e-01
3.876877296280519802e-01
3.876877296280519247e-01
3.876877296280519247e-01
3.876877296280519247e-01
3.876877296280519247e-01
3.876877296280519247e-01
3.876877296280518137e-01
3.876877296280519247e-01
3.876877296280519247e-01
3.876877296280519247e-01
3.876877296280519247e-01
3.876877296280519802e-01
3.876877296280519802e-01
3.876877296280519247e-01
3.876877296280519247e-01
3.876877296280519247e-01
3.876877296280519247e-01
3.876877296280519247e-01
3.876877296280519802e-01
3.876877296280519247e-01
3.876877296280519247e-01
3.876877296280519802e-01
3.876877296280519247e-01
3.876877296280519802e-01
3.876877296280519247e-01
