4.064412254646007083e-01
4.064412254646831424e-01
4.064412254647677414e-01
4.064412254648483436e-01
4.064412254649208966e-01
4.064412254649835132e-01
4.064412254650355272e-01
4.064412254650770495e-01
4.064412254651088019e-01
4.064412254651321721e-01
4.064412254651484369e-01
4.064412254651589285e-01
4.064412254651649237e-01
4.064412254651675327e-01
4.064412254651677547e-01
4.064412254651663670e-01
4.064412254651639245e-01
4.064412254651611489e-01
4.064412254651582068e-01
4.064412254651553758e-01
4.064412254651527667e-01
4.064412254651504908e-01
4.064412254651487144e-01
4.064412254651471601e-01
4.064412254651459944e-01
4.064412254651451617e-01
4.064412254651445511e-01
4.064412254651442180e-01
4.064412254651440515e-01
4.064412254651439960e-01
4.064412254651439405e-01
4.064412254651440515e-01
4.064412254651440515e-01
4.064412254651442180e-01
4.064412254651442180e-01
4.064412254651444401e-01
4.064412254651444956e-01
4.064412254651446621e-01
4.064412254651447176e-01
4.064412254651447731e-01
4.064412254651449397e-01
4.064412254651449397e-01
4.064412254651449397e-01
4.064412254651449952e-01
4.064412254651449397e-01
4.064412254651449397e-01
4.064412254651449397e-01
4.064412254651449397e-01
4.064412254651449397e-01
4.064412254651447731e-01
4.064412254651447731e-01
4.064412254651447731e-01
4.064412254651447731e-01
4.064412254651447731e-01
4.064412254651447731e-01
4.064412254651447731e-01
4.064412254651447731e-01
4.064412254651447731e-01
4.064412254651447731e-01
4.064412254651447731e-01
4.064412254651448841e-01
4.064412254651448841e-01
4.064412254651448841e-01
4.064412254651449397e-01
4.064412254651447731e-01
4.064412254651449397e-01
4.064412254651447731e-01
4.064412254651449397e-01
4.064412254651449397e-01
4.064412254651447731e-01
4.064412254651447731e-01
4.064412254651447731e-01
4.064412254651447731e-01
4.064412254651447731e-01
4.064412254651449397e-01
4.064412254651447731e-01
4.064412254651447731e-01
4.064412254651447731e-01
4.064412254651447731e-01
4.064412254651447731e-01
4.064412254651448841e-01
4.064412254651447731e-01
4.064412254651447731e-01
4.064412254651449397e-01
4.064412254651447731e-01
4.064412254651447731e-01
4.064412254651447731e-01
4.064412254651447731e-01
4.064412254651447731e-01
4.064412254651447731e-01
4.064412254651447731e-01
4.064412254651447731e-01
4.064412254651447731e-01
4.064412254651449397e-01
4.064412254651447731e-01
4.064412254651449397e-01
4.064412254651449397e-01
4.064412254651449397e-01
4.064412254651449397e-01
4.064412254651449397e-01
