3.916890656399781290e-01
3.916890656399781290e-01
3.916890656399781290e-01
3.916890656399781290e-01
3.916890656399780735e-01
3.916890656399780735e-01
3.916890656399780735e-01
3.916890656399780180e-01
3.916890656399780180e-01
3.916890656399780180e-01
3.916890656399780180e-01
3.916890656399780180e-01
3.916890656399780180e-01
3.916890656399780180e-01
3.916890656399780180e-01
3.916890656399780180e-01
3.916890656399780180e-01
3.916890656399780180e-01
3.916890656399780735e-01
3.916890656399780180e-01
3.916890656399780180e-01
3.916890656399780180e-01
3.916890656399780180e-01
3.916890656399780180e-01
3.916890656399780180e-01
3.916890656399780180e-01
3.916890656399780735e-01
3.916890656399780180e-01
3.916890656399780180e-01
3.916890656399780180e-01
3.916890656399780735e-01
3.916890656399780735e-01
3.916890656399780735e-01
3.916890656399780180e-01
3.916890656399780735e-01
3.916890656399780735e-01
3.916890656399780735e-01
3.916890656399780180e-01
3.916890656399780180e-01
3.916890656399780180e-01
3.916890656399780180e-01
3.916890656399780180e-01
3.916890656399780180e-01
3.916890656399780180e-01
3.916890656399780180e-01
3.916890656399780180e-01
3.916890656399780180e-01
3.916890656399780180e-01
3.916890656399780180e-01
3.916890656399780735e-01
3.916890656399780180e-01
3.916890656399780180e-01
3.916890656399780180e-01
3.916890656399780180e-01
3.916890656399780180e-01
3.916890656399780735e-01
3.916890656399780180e-01
3.916890656399780180e-01
3.916890656399780180e-01
3.916890656399780180e-01
3.916890656399780180e-01
3.916890656399780735e-01
3.916890656399780735e-01
3.916890656399780735e-01
3.916890656399780180e-01
3.916890656399780180e-01
3.916890656399780735e-01
3.916890656399780180e-01
3.916890656399780180e-01
3.916890656399780180e-01
3.916890656399780180e-01
3.916890656399780735e-01
3.916890656399780180e-01
3.916890656399780180e-01
3.916890656399780180e-01
3.916890656399780180e-01
3.916890656399780735e-01
3.916890656399780180e-01
3.916890656399780735e-01
3.916890656399780180e-01
3.916890656399780180e-01
3.916890656399780180e-01
3.916890656399780180e-01
3.916890656399780180e-01
3.916890656399780180e-01
3.916890656399780180e-01
3.916890656399780180e-01
3.916890656399780180e-01
3.916890656399780180e-01
3.916890656399780180e-01
3.916890656399780180e-01
3.916890656399780180e-01
3.916890656399780180e-01
3.916890656399780180e-01
3.916890656399780180e-01
3.916890656399780180e-01
3.916890656399780735e-01
3.916890656399780735e-01
3.916890656399780735e-01
3.916890656399780180e-01
