4.215153008239556631e-01
4.215296847064754493e-01
4.222207621485529749e-01
4.239158086512556656e-01
4.268940282216053261e-01
4.302175180568164059e-01
4.302917672304319430e-01
4.249257836577000069e-01
4.215154931468274024e-01
4.215295647045772531e-01
4.222204444056961159e-01
4.239151507111088013e-01
4.268930500332427935e-01
4.302168466246156231e-01
4.302926343915168261e-01
4.249275363105358139e-01
4.215156885189662583e-01
4.215294430081801269e-01
4.222201221592251086e-01
4.239144833727578332e-01
4.268920577523621085e-01
4.302161652127151070e-01
4.302935135544374567e-01
4.249293145860522647e-01
4.215158869886758697e-01
4.215293195883437205e-01
4.222197953406026660e-01
4.239138064958345442e-01
4.268910511683966513e-01
4.302154736671778279e-01
4.302944048914174036e-01
4.249311188824140273e-01
4.215160886126377293e-01
4.215291944218683140e-01
4.222194638843925207e-01
4.239131199394616800e-01
4.268900300653357682e-01
4.302147718254999420e-01
4.302953085721294979e-01
4.249329496046043708e-01
4.215162934472900802e-01
4.215290674830924345e-01
4.222191277222525074e-01
4.239124235590339684e-01
4.268889942228035195e-01
4.302140595222069819e-01
4.302962247687959207e-01
4.249348071642300995e-01
4.215165015501920465e-01
4.215289387460838810e-01
4.222187867849550580e-01
4.239117172078549767e-01
4.268879434170724796e-01
4.302133365891291916e-01
4.302971536561911448e-01
4.249366919799502651e-01
4.215167129801840051e-01
4.215288081845884327e-01
4.222184410022594148e-01
4.239110007369320532e-01
4.268868774207546513e-01
4.302126028550355974e-01
4.302980954114553613e-01
4.249386044775668170e-01
4.215169277973359607e-01
4.215286757719374222e-01
4.222180903028260879e-01
4.239102739948944487e-01
4.268857960027360177e-01
4.302118581456155777e-01
4.302990502141647022e-01
4.249405450901535541e-01
4.215171460629878464e-01
4.215285414810591158e-01
4.222177346142174104e-01
4.239095368279686693e-01
4.268846989281203652e-01
4.302111022834192999e-01
4.303000182463613821e-01
4.249425142581964021e-01
4.215173678397822199e-01
4.215284052844732732e-01
4.222173738628798856e-01
4.239087890799374536e-01
4.268835859581612269e-01
4.302103350877936050e-01
4.303009996925816205e-01
4.249445124297320797e-01
4.215175931916971264e-01
4.215282671542843196e-01
4.222170079741253135e-01
4.239080305920980285e-01
4.268824568501930483e-01
4.302095563748140061e-01
4.303019947398843970e-01
4.249465400604910403e-01
4.215178221840786832e-01
4.215281270621750176e-01
4.222166368721139151e-01
4.239072612032205867e-01
