4.650634090561412970e-01
4.626873483968573786e-01
4.592978148068402877e-01
4.567082544464795002e-01
4.560807419948649244e-01
4.569257195641607261e-01
4.588044210225510344e-01
4.610167034091817162e-01
4.631400693743284447e-01
4.649747035598724709e-01
4.657009246398545188e-01
4.645661837651623993e-01
4.618055418557925895e-01
4.584142424848596242e-01
4.563537824458237524e-01
4.561852627630164636e-01
4.573630763777798425e-01
4.594097258823184871e-01
4.616118182485442478e-01
4.636937878105574229e-01
4.653307850949039981e-01
4.655807575342750804e-01
4.639440748524003566e-01
4.608642019797483114e-01
4.576432388474751534e-01
4.561468055848558745e-01
4.563889971230069009e-01
4.578686635191235310e-01
4.600217398308140138e-01
4.621983530515742511e-01
4.642199212671699327e-01
4.655794027559460591e-01
4.653117663838952645e-01
4.632104926432424330e-01
4.599028145624038943e-01
4.570212304590863805e-01
4.560693708760241716e-01
4.566871179637498335e-01
4.584265070521011398e-01
4.606299249088980363e-01
4.627753776199061142e-01
4.647003596829894501e-01
4.656992275455594799e-01
4.649007535542223901e-01
4.623808375128415915e-01
4.589719717588151560e-01
4.565635177900689845e-01
4.561063282573626365e-01
4.570732973875580307e-01
4.590190638424577196e-01
4.612303789807932208e-01
4.633402743461385587e-01
4.651128249264441239e-01
4.656752503407760035e-01
4.643575156315933317e-01
4.614741851603292311e-01
4.581234818286332722e-01
4.562638185427513315e-01
4.562469664904494904e-01
4.575367495022094055e-01
4.596284173592134481e-01
4.618224853966464982e-01
4.638858373557547266e-01
4.654331955918861730e-01
4.655014480183971015e-01
4.636938989879464956e-01
4.605203769427825278e-01
4.574024829785601209e-01
4.561051235238187118e-01
4.564849683871700092e-01
4.580629399566230053e-01
4.602398910234816731e-01
4.624057750090597163e-01
4.643979918183178124e-01
4.656379717700999676e-01
4.651806922802514954e-01
4.629241145636834309e-01
4.595638286236056747e-01
4.568387030597321208e-01
4.560701032565872559e-01
4.568155001007407900e-01
4.586352721333873395e-01
4.608454981477214107e-01
4.629789280825614139e-01
4.648568316465466199e-01
4.657076921236542044e-01
4.647211997292838292e-01
4.620643682582091238e-01
4.586566714529584643e-01
4.564390358807920434e-01
4.561450999857459832e-01
4.572307760042184643e-01
4.592358212301572706e-01
4.614429916580626845e-01
4.635380808677424525e-01
4.652391795620169357e-01
4.656303485741808412e-01
4.641334426677303227e-01
4.611366481726633104e-01
4.578491474872223854e-01
