5.629731669988485843e-01
5.655878609409581426e-01
5.703683444039708839e-01
5.742677360506009965e-01
5.751342698061975289e-01
5.724760556771379960e-01
5.688938064181718879e-01
5.681188279787527939e-01
5.662380130824707924e-01
5.643988874614557227e-01
5.629174909299554663e-01
5.657021221473709227e-01
5.704490371843550234e-01
5.743435775156250367e-01
5.751037408481082247e-01
5.723884660214335618e-01
5.688521167678163293e-01
5.680835800530550372e-01
5.661901751199875932e-01
5.643624898322809891e-01
5.628606260033339748e-01
5.658199272941555336e-01
5.705322644876046345e-01
5.744205878481740690e-01
5.750708676632579897e-01
5.722970817322972081e-01
5.688123344472508780e-01
5.680457257251975145e-01
5.661402825907937419e-01
5.643253643968209055e-01
5.628040383781892642e-01
5.659402721306694417e-01
5.706174296573798266e-01
5.744977633006232987e-01
5.750358252611096344e-01
5.722027959366987604e-01
5.687751532982266989e-01
5.680056262809016765e-01
5.660888866017356191e-01
5.642880743798291965e-01
5.627494526778744621e-01
5.660620250168861833e-01
5.707038405097973888e-01
5.745740012339813907e-01
5.749988827347283227e-01
5.721066855781113958e-01
5.687411495086817093e-01
5.679637890257995814e-01
5.660366619214663997e-01
5.642512401598428484e-01
5.626986915022542668e-01
5.661839911042637619e-01
5.707907411197146175e-01
5.746481838631090078e-01
5.749603957921126662e-01
5.720099386862633750e-01
5.687107174518752917e-01
5.679208333357596006e-01
5.659843571534265427e-01
5.642154811331357989e-01
5.626534655993615797e-01
5.663049810273196316e-01
5.708773498633836763e-01
5.747192724050027568e-01
5.749207889709155861e-01
5.719137635126393393e-01
5.686840339996260818e-01
5.678774365135724755e-01
5.659327290127144083e-01
5.641813525572764165e-01
5.626151629121063369e-01
5.664238745538565656e-01
5.709628996342626106e-01
5.747863932909336171e-01
5.748805289913399008e-01
5.718192967313080466e-01
5.686610601217476635e-01
5.678342706865138201e-01
5.658824745013135704e-01
5.641492923200118748e-01
5.625846913447144493e-01
5.665396727439677704e-01
5.710466763747327201e-01
5.748488993375930889e-01
5.748400927648313896e-01
5.717275275261766154e-01
5.686415764026697683e-01
5.677919447364598859e-01
5.658341757351451617e-01
5.641195898098775308e-01
5.625624130758825059e-01
5.666515355533821019e-01
5.711280523417698873e-01
5.749063959758072828e-01
5.747999350617055692e-01
5.716392485434298454e-01
5.686252391612286461e-01
5.677509625591181663e-01
5.657882674375089849e-01
5.640923814134327641e-01
