4.383981114080096608e-01
4.457908718787297331e-01
4.507259642431073465e-01
4.517839485787630838e-01
4.520366952120936643e-01
4.520762840556994955e-01
4.524237541663124751e-01
4.534467197116112125e-01
4.550814600585093017e-01
4.565197666295786605e-01
4.572799657185552258e-01
4.580981252384273561e-01
4.596799697171315424e-01
4.595603709900493161e-01
4.555418138481219792e-01
4.474437495590062319e-01
4.405920086386748702e-01
4.401219748419707978e-01
4.387127501905784821e-01
4.362142844764737015e-01
4.348952151655098297e-01
4.356246119196238720e-01
4.383981054476158157e-01
4.457908636677287983e-01
4.507259621848783704e-01
4.517839476479754701e-01
4.520366945638357170e-01
4.520762839044083492e-01
4.524237544003558709e-01
4.534467200209158499e-01
4.550814602514646756e-01
4.565197666826173450e-01
4.572799657797047002e-01
4.580981254617338960e-01
4.596799700801403876e-01
4.595603703022640985e-01
4.555418131579455077e-01
4.474437476636080602e-01
4.405920082624794065e-01
4.401219748208832216e-01
4.387127497895814687e-01
4.362142841075681843e-01
4.348952151447895709e-01
4.356246121027704810e-01
4.383981063119604671e-01
4.457908648584458233e-01
4.507259624833521161e-01
4.517839477829531658e-01
4.520366946578426859e-01
4.520762839263479660e-01
4.524237543664165195e-01
4.534467199760627842e-01
4.550814602234841133e-01
4.565197666749263861e-01
4.572799657708374044e-01
4.580981254293517990e-01
4.596799700274997735e-01
4.595603704020014835e-01
4.555418132580296153e-01
4.474437479384641425e-01
4.405920083170323243e-01
4.401219748239412199e-01
4.387127498477310650e-01
4.362142841610640032e-01
4.348952151477942230e-01
4.356246120762119478e-01
4.383981061866197848e-01
4.457908646857772217e-01
4.507259624400696829e-01
4.517839477633797673e-01
4.520366946442105349e-01
4.520762839231664554e-01
4.524237543713381382e-01
4.534467199825669703e-01
4.550814602275416454e-01
4.565197666760417161e-01
4.572799657721233202e-01
4.580981254340475428e-01
4.596799700351331674e-01
4.595603703875383861e-01
4.555418132435163359e-01
4.474437478986069694e-01
4.405920083091215411e-01
4.401219748234977414e-01
4.387127498392986991e-01
4.362142841533065418e-01
4.348952151473585714e-01
4.356246120800632005e-01
4.383981062047955235e-01
4.457908647108160261e-01
4.507259624463461622e-01
4.517839477662181635e-01
4.520366946461873425e-01
4.520762839236278086e-01
4.524237543706245424e-01
4.534467199816238359e-01
4.550814602269532272e-01
4.565197666758798456e-01
4.572799657719368582e-01
4.580981254333665875e-01
