1.126297445993077184e-01
1.126297461478497630e-01
1.126297474485172811e-01
1.126297485409963606e-01
1.126297494586174092e-01
1.126297502293732156e-01
1.126297508767742095e-01
1.126297514205661793e-01
1.126297518773336503e-01
1.126297522610056473e-01
1.126297525832814228e-01
1.126297528539873249e-01
1.126297530813766545e-01
1.126297532723816719e-01
1.126297534328249278e-01
1.126297535675970657e-01
1.126297536808060079e-01
1.126297537759021888e-01
1.126297538557839428e-01
1.126297539228855588e-01
1.126297539792520119e-01
1.126297540266008035e-01
1.126297540663748070e-01
1.126297540997858726e-01
1.126297541278520609e-01
1.126297541514284795e-01
1.126297541712333039e-01
1.126297541878700653e-01
1.126297542018454556e-01
1.126297542135852869e-01
1.126297542234471899e-01
1.126297542317315492e-01
1.126297542386908018e-01
1.126297542445368616e-01
1.126297542494478082e-01
1.126297542535732027e-01
1.126297542570387639e-01
1.126297542599499768e-01
1.126297542623955344e-01
1.126297542644499328e-01
1.126297542661757328e-01
1.126297542676255037e-01
1.126297542688433767e-01
1.126297542698664333e-01
1.126297542707258847e-01
1.126297542714478905e-01
1.126297542720543637e-01
1.126297542725638590e-01
1.126297542729918638e-01
1.126297542733514373e-01
1.126297542736534457e-01
1.126297542739072011e-01
1.126297542741203778e-01
1.126297542742994151e-01
1.126297542744498503e-01
1.126297542745762353e-01
1.126297542746824004e-01
1.126297542747715236e-01
1.126297542748464497e-01
1.126297542749093855e-01
1.126297542749621766e-01
1.126297542750066133e-01
1.126297542750439723e-01
1.126297542750752806e-01
1.126297542751016345e-01
1.126297542751237141e-01
1.126297542751423103e-01
1.126297542751579367e-01
1.126297542751710234e-01
1.126297542751820285e-01
1.126297542751913267e-01
1.126297542751990982e-01
1.126297542752056347e-01
1.126297542752111303e-01
1.126297542752157238e-01
1.126297542752196096e-01
1.126297542752228570e-01
1.126297542752255909e-01
1.126297542752278946e-01
1.126297542752297820e-01
1.126297542752313918e-01
1.126297542752327380e-01
1.126297542752338759e-01
1.126297542752348196e-01
1.126297542752356384e-01
1.126297542752363046e-01
1.126297542752368874e-01
1.126297542752373732e-01
1.126297542752377756e-01
1.126297542752381226e-01
1.126297542752384001e-01
1.126297542752386083e-01
1.126297542752388442e-01
1.126297542752390246e-01
1.126297542752391773e-01
1.126297542752392605e-01
1.126297542752393716e-01
1.126297542752394826e-01
1.126297542752395520e-01
1.126297542752396214e-01
