4.390509826382895664e-01
4.390509829507763251e-01
4.390509804061029642e-01
4.390509759344417007e-01
4.390509704676602287e-01
4.390509648359507411e-01
4.390509596991825081e-01
4.390509555126707042e-01
4.390509525233176058e-01
4.390509507896572239e-01
4.390509502181585422e-01
4.390509506080899627e-01
4.390509516980421467e-01
4.390509532085963285e-01
4.390509548772945636e-01
4.390509564837978829e-01
4.390509578646743516e-01
4.390509589185420669e-01
4.390509596031835216e-01
4.390509599267766738e-01
4.390509599355466031e-01
4.390509597000162301e-01
4.390509593016945211e-01
4.390509588215721903e-01
4.390509583312890429e-01
4.390509578873392216e-01
4.390509575282672827e-01
4.390509572744840661e-01
4.390509571301286496e-01
4.390509570863064814e-01
4.390509571250313936e-01
4.390509572232785263e-01
4.390509573566728219e-01
4.390509575024900690e-01
4.390509576417933046e-01
4.390509577606655500e-01
4.390509578506083255e-01
4.390509579082506053e-01
4.390509579345565072e-01
4.390509579337346646e-01
4.390509579120360217e-01
4.390509578765996457e-01
4.390509578344616859e-01
4.390509577918011441e-01
4.390509577534515429e-01
4.390509577226722748e-01
4.390509577011463271e-01
4.390509576891512000e-01
4.390509576858485086e-01
4.390509576896294286e-01
4.390509576984673035e-01
4.390509577102370553e-01
4.390509577229723126e-01
4.390509577350460435e-01
4.390509577452740841e-01
4.390509577529452812e-01
4.390509577577922373e-01
4.390509577599207569e-01
4.390509577597128121e-01
4.390509577577220712e-01
4.390509577545732567e-01
4.390509577508774353e-01
4.390509577471673475e-01
4.390509577438561073e-01
4.390509577412192721e-01
4.390509577393950646e-01
4.390509577384005824e-01
4.390509577381572215e-01
4.390509577385214857e-01
4.390509577393149065e-01
4.390509577403526320e-01
4.390509577414642983e-01
4.390509577425101284e-01
4.390509577433897581e-01
4.390509577440436795e-01
4.390509577444507427e-01
4.390509577446219946e-01
4.390509577445921297e-01
4.390509577444101086e-01
4.390509577441306654e-01
4.390509577438067579e-01
4.390509577434842381e-01
4.390509577431985222e-01
4.390509577429727028e-01
4.390509577428182153e-01
4.390509577427359478e-01
4.390509577427186838e-01
4.390509577427533783e-01
4.390509577428244326e-01
4.390509577429158594e-01
4.390509577430128374e-01
4.390509577431033761e-01
4.390509577431789823e-01
4.390509577432346600e-01
4.390509577432688548e-01
4.390509577432825106e-01
4.390509577432789023e-01
4.390509577432623600e-01
4.390509577432376020e-01
4.390509577432092359e-01
