4.549472976745208563e-01
4.549472976745209118e-01
4.549472976745209118e-01
4.549472976745208563e-01
4.549472976745208008e-01
4.549472976745208008e-01
4.549472976745208008e-01
4.549472976745208008e-01
4.549472976745208008e-01
4.549472976745208008e-01
4.549472976745208008e-01
4.549472976745208008e-01
4.549472976745208008e-01
4.549472976745208008e-01
4.549472976745208008e-01
4.549472976745208563e-01
4.549472976745208008e-01
4.549472976745208008e-01
4.549472976745208008e-01
4.549472976745208008e-01
4.549472976745208563e-01
4.549472976745208008e-01
4.549472976745207453e-01
4.549472976745208008e-01
4.549472976745208008e-01
4.549472976745208008e-01
4.549472976745208563e-01
4.549472976745208563e-01
4.549472976745208008e-01
4.549472976745208563e-01
4.549472976745208563e-01
4.549472976745208563e-01
4.549472976745208563e-01
4.549472976745208563e-01
4.549472976745208008e-01
4.549472976745208008e-01
4.549472976745208008e-01
4.549472976745207453e-01
4.549472976745208008e-01
4.549472976745208008e-01
4.549472976745208008e-01
4.549472976745208008e-01
4.549472976745208008e-01
4.549472976745208008e-01
4.549472976745208563e-01
4.549472976745208008e-01
4.549472976745207453e-01
4.549472976745208008e-01
4.549472976745207453e-01
4.549472976745208563e-01
4.549472976745208563e-01
4.549472976745208008e-01
4.549472976745208008e-01
4.549472976745208008e-01
4.549472976745208008e-01
4.549472976745208008e-01
4.549472976745207453e-01
4.549472976745207453e-01
4.549472976745208008e-01
4.549472976745208008e-01
4.549472976745208008e-01
4.549472976745208008e-01
4.549472976745208008e-01
4.549472976745208008e-01
4.549472976745208563e-01
4.549472976745208008e-01
4.549472976745208008e-01
4.549472976745208563e-01
4.549472976745208563e-01
4.549472976745208008e-01
4.549472976745207453e-01
4.549472976745208008e-01
4.549472976745208008e-01
4.549472976745208563e-01
4.549472976745208008e-01
4.549472976745208008e-01
4.549472976745208008e-01
4.549472976745208008e-01
4.549472976745208008e-01
4.549472976745208563e-01
4.549472976745208563e-01
4.549472976745208008e-01
4.549472976745207453e-01
4.549472976745208008e-01
4.549472976745208008e-01
4.549472976745208008e-01
4.549472976745208563e-01
4.549472976745208008e-01
4.549472976745208563e-01
4.549472976745207453e-01
4.549472976745208008e-01
4.549472976745208008e-01
4.549472976745208563e-01
4.549472976745208563e-01
4.549472976745208563e-01
4.549472976745208008e-01
4.549472976745208563e-01
4.549472976745208008e-01
4.549472976745208008e-01
4.549472976745208008e-01
