5.194262951286192642e-01
5.194262951260183447e-01
5.194262951216562785e-01
5.194262951164045905e-01
5.194262951108610249e-01
5.194262951054199329e-01
5.194262951003257855e-01
5.194262950957151403e-01
5.194262950916500587e-01
5.194262950881407548e-01
5.194262950851659122e-01
5.194262950826835645e-01
5.194262950806418644e-01
5.194262950789851896e-01
5.194262950776582510e-01
5.194262950766090903e-01
5.194262950757901898e-01
5.194262950751595831e-01
5.194262950746810770e-01
5.194262950743234741e-01
5.194262950740612395e-01
5.194262950738729456e-01
5.194262950737412732e-01
5.194262950736522333e-01
5.194262950735948348e-01
5.194262950735605289e-01
5.194262950735426543e-01
5.194262950735358819e-01
5.194262950735367701e-01
5.194262950735423212e-01
5.194262950735505369e-01
5.194262950735600848e-01
5.194262950735698547e-01
5.194262950735794027e-01
5.194262950735882844e-01
5.194262950735963891e-01
5.194262950736032725e-01
5.194262950736092677e-01
5.194262950736142637e-01
5.194262950736184825e-01
5.194262950736219242e-01
5.194262950736248108e-01
5.194262950736270312e-01
5.194262950736288076e-01
5.194262950736301399e-01
5.194262950736312501e-01
5.194262950736319162e-01
5.194262950736324713e-01
5.194262950736330264e-01
5.194262950736332485e-01
5.194262950736334705e-01
5.194262950736335815e-01
5.194262950736338036e-01
5.194262950736338036e-01
5.194262950736338036e-01
5.194262950736339146e-01
5.194262950736338036e-01
5.194262950736338036e-01
5.194262950736338036e-01
5.194262950736338036e-01
5.194262950736338036e-01
5.194262950736336926e-01
5.194262950736338036e-01
5.194262950736336926e-01
5.194262950736336926e-01
5.194262950736335815e-01
5.194262950736335815e-01
5.194262950736335815e-01
5.194262950736335815e-01
5.194262950736335815e-01
5.194262950736336926e-01
5.194262950736335815e-01
5.194262950736336926e-01
5.194262950736335815e-01
5.194262950736335815e-01
5.194262950736336926e-01
5.194262950736336926e-01
5.194262950736335815e-01
5.194262950736335815e-01
5.194262950736335815e-01
5.194262950736335815e-01
5.194262950736336926e-01
5.194262950736336926e-01
5.194262950736336926e-01
5.194262950736336926e-01
5.194262950736336926e-01
5.194262950736336926e-01
5.194262950736336926e-01
5.194262950736336926e-01
5.194262950736335815e-01
5.194262950736335815e-01
5.194262950736336926e-01
5.194262950736336926e-01
5.194262950736336926e-01
5.194262950736336926e-01
5.194262950736336926e-01
5.194262950736336926e-01
5.194262950736336926e-01
5.194262950736336926e-01
5.194262950736336926e-01
