3.603628757982693664e-01
3.564797195531837493e-01
3.528711167790792858e-01
3.495203088395540947e-01
3.464072822212077574e-01
3.435081129119992305e-01
3.407945420255112934e-01
3.382345460310971497e-01
3.357938490247139307e-01
3.334378966175640113e-01
3.311337782319546119e-01
3.288517957206010256e-01
3.265666307962645787e-01
3.242582265879387360e-01
3.219125309028786908e-01
3.195221727025402969e-01
3.170870028865149237e-01
3.146142801213953066e-01
3.121181956084961295e-01
3.096184958039666091e-01
3.071382284932822060e-01
3.047010214727378097e-01
3.023285659701032690e-01
3.000388951228151746e-01
2.978456542996640311e-01
2.957581451105302239e-01
2.937817510772767204e-01
2.919184356734417229e-01
2.901671831978715477e-01
2.885243858493098945e-01
2.869842243289299488e-01
2.855390728500792896e-01
2.841799252841653023e-01
2.828968143895951304e-01
2.816791885679964524e-01
2.805162166803519819e-01
2.793970040076160788e-01
2.783107157514981278e-01
2.772466157874894921e-01
2.761940374647398611e-01
2.751423113005355692e-01
2.740806831349524297e-01
2.729982673230934576e-01
2.718840944546526694e-01
2.707273347117212237e-01
2.695178141787528125e-01
2.682470138626666389e-01
2.669098978796470845e-01
2.655082256397534590e-01
2.640564245799474352e-01
2.625910350100277291e-01
2.611823366716679029e-01
2.599402056344810030e-01
2.590009323136087116e-01
2.584930631213503416e-01
2.585052101524281110e-01
2.590791950520528464e-01
2.602195639049705300e-01
2.618911048237431705e-01
2.639990792805119724e-01
2.663843355749320740e-01
2.688158348847032864e-01
2.708143228729210650e-01
2.714268221842882634e-01
2.698426804652830913e-01
2.659341740136763055e-01
2.600612098307749642e-01
2.535096103866468220e-01
2.481994237303030426e-01
2.437064148119360008e-01
2.387814813281104176e-01
2.331450713711646083e-01
2.269609257152917781e-01
2.203407516883686135e-01
2.136329820026678095e-01
2.072656978094729319e-01
2.011570732705443842e-01
1.950127397499922532e-01
1.887079916734239748e-01
1.824506211120578980e-01
1.769406087835378449e-01
1.735370140880481138e-01
1.724073976244063500e-01
1.709621198001598508e-01
1.681302231770351041e-01
1.643334805443061319e-01
1.601603609883779922e-01
1.559965259104327817e-01
1.520550767479313947e-01
1.484698488034736918e-01
1.452949142116156944e-01
1.425041090146880463e-01
1.400101263608745650e-01
1.376931283708605347e-01
1.354261523660923172e-01
1.330914047617767770e-01
1.305909260369919611e-01
1.278622589222749850e-01
1.249108919582304633e-01
1.218572978972679993e-01
