5.566492579185168266e-01
5.566492587832276850e-01
5.566492576497765743e-01
5.566492556002925474e-01
5.566492538692526804e-01
5.566492532068674226e-01
5.566492536466703944e-01
5.566492546812455977e-01
5.566492556519883061e-01
5.566492561074641854e-01
5.566492559658172690e-01
5.566492554553116312e-01
5.566492549211154994e-01
5.566492546274017794e-01
5.566492546515341422e-01
5.566492548967517662e-01
5.566492551854985704e-01
5.566492553667546916e-01
5.566492553818214173e-01
5.566492552679290773e-01
5.566492551145805212e-01
5.566492550063547595e-01
5.566492549834038961e-01
5.566492550339698919e-01
5.566492551139610168e-01
5.566492551768899011e-01
5.566492551969529634e-01
5.566492551759456564e-01
5.566492551350048501e-01
5.566492550992283572e-01
5.566492550845008047e-01
5.566492550922940152e-01
5.566492551128159327e-01
5.566492551327529847e-01
5.566492551426395208e-01
5.566492551403948719e-01
5.566492551303511283e-01
5.566492551194442973e-01
5.566492551131695388e-01
5.566492551133150890e-01
5.566492551180914905e-01
5.566492551239530240e-01
5.566492551277806289e-01
5.566492551282711254e-01
5.566492551260815436e-01
5.566492551229863528e-01
5.566492551207219419e-01
5.566492551201588368e-01
5.566492551211129625e-01
5.566492551227179009e-01
5.566492551240243003e-01
5.566492551244820453e-01
5.566492551240972420e-01
5.566492551232812280e-01
5.566492551225432628e-01
5.566492551222187446e-01
5.566492551223535257e-01
5.566492551227595342e-01
5.566492551231683183e-01
5.566492551233817032e-01
5.566492551233491737e-01
5.566492551231519981e-01
5.566492551229298424e-01
5.566492551227961716e-01
5.566492551227921748e-01
5.566492551228848784e-01
5.566492551230036723e-01
5.566492551230841634e-01
5.566492551230979302e-01
5.566492551230560748e-01
5.566492551229936803e-01
5.566492551229463848e-01
5.566492551229330621e-01
5.566492551229508257e-01
5.566492551229830221e-01
5.566492551230101116e-01
5.566492551230204366e-01
5.566492551230134422e-01
5.566492551229972330e-01
5.566492551229820229e-01
5.566492551229749175e-01
5.566492551229772490e-01
5.566492551229852426e-01
5.566492551229935692e-01
5.566492551229982322e-01
5.566492551229976771e-01
5.566492551229937913e-01
5.566492551229892394e-01
5.566492551229864638e-01
5.566492551229862418e-01
5.566492551229880181e-01
5.566492551229904606e-01
5.566492551229922370e-01
5.566492551229925700e-01
5.566492551229917929e-01
5.566492551229904606e-01
5.566492551229894614e-01
5.566492551229891284e-01
5.566492551229894614e-01
5.566492551229901276e-01
