3.342714757172525752e-01
3.342714757172525752e-01
3.342714757172525752e-01
3.342714757172525752e-01
3.342714757172525752e-01
3.342714757172525752e-01
3.342714757172525752e-01
3.342714757172525752e-01
3.342714757172525752e-01
3.342714757172525752e-01
3.342714757172525752e-01
3.342714757172525752e-01
3.342714757172525752e-01
3.342714757172525752e-01
3.342714757172525752e-01
3.342714757172525752e-01
3.342714757172525752e-01
3.342714757172525752e-01
3.342714757172526308e-01
3.342714757172525752e-01
3.342714757172525752e-01
3.342714757172525752e-01
3.342714757172525752e-01
3.342714757172525752e-01
3.342714757172525752e-01
3.342714757172525752e-01
3.342714757172526308e-01
3.342714757172525752e-01
3.342714757172525752e-01
3.342714757172525752e-01
3.342714757172525752e-01
3.342714757172525752e-01
3.342714757172525752e-01
3.342714757172525752e-01
3.342714757172525752e-01
3.342714757172525752e-01
3.342714757172525752e-01
3.342714757172525752e-01
3.342714757172525752e-01
3.342714757172526308e-01
3.342714757172525752e-01
3.342714757172526308e-01
3.342714757172525752e-01
3.342714757172525752e-01
3.342714757172525752e-01
3.342714757172525752e-01
3.342714757172525752e-01
3.342714757172525752e-01
3.342714757172525752e-01
3.342714757172525752e-01
3.342714757172525752e-01
3.342714757172525752e-01
3.342714757172525752e-01
3.342714757172525752e-01
3.342714757172526308e-01
3.342714757172525752e-01
3.342714757172525752e-01
3.342714757172525752e-01
3.342714757172526308e-01
3.342714757172525752e-01
3.342714757172525752e-01
3.342714757172525752e-01
3.342714757172525752e-01
3.342714757172525752e-01
3.342714757172525752e-01
3.342714757172525752e-01
3.342714757172525752e-01
3.342714757172525752e-01
3.342714757172525752e-01
3.342714757172525752e-01
3.342714757172525752e-01
3.342714757172525752e-01
3.342714757172525752e-01
3.342714757172525752e-01
3.342714757172525752e-01
3.342714757172525752e-01
3.342714757172525752e-01
3.342714757172525752e-01
3.342714757172525752e-01
3.342714757172525752e-01
3.342714757172525752e-01
3.342714757172525752e-01
3.342714757172526308e-01
3.342714757172525752e-01
3.342714757172526308e-01
3.342714757172525752e-01
3.342714757172525752e-01
3.342714757172525752e-01
3.342714757172525752e-01
3.342714757172525752e-01
3.342714757172525752e-01
3.342714757172525752e-01
3.342714757172525752e-01
3.342714757172526308e-01
3.342714757172525752e-01
3.342714757172525752e-01
3.342714757172525752e-01
3.342714757172525752e-01
3.342714757172525752e-01
3.342714757172525752e-01
