3.716528111816000957e-01
3.716528111816016500e-01
3.716528111816015945e-01
3.716528111816004842e-01
3.716528111815992075e-01
3.716528111815984303e-01
3.716528111815985413e-01
3.716528111815990409e-01
3.716528111815995961e-01
3.716528111815999291e-01
3.716528111815999291e-01
3.716528111815997071e-01
3.716528111815993740e-01
3.716528111815993740e-01
3.716528111815994850e-01
3.716528111815995405e-01
3.716528111815997071e-01
3.716528111815997071e-01
3.716528111815995405e-01
3.716528111815995405e-01
3.716528111815995405e-01
3.716528111815995405e-01
3.716528111815995961e-01
3.716528111815995961e-01
3.716528111815995961e-01
3.716528111815995961e-01
3.716528111815995961e-01
3.716528111815995405e-01
3.716528111815995961e-01
3.716528111815995961e-01
3.716528111815995961e-01
3.716528111815995961e-01
3.716528111815995405e-01
3.716528111815995405e-01
3.716528111815995405e-01
3.716528111815995405e-01
3.716528111815995405e-01
3.716528111815995405e-01
3.716528111815995961e-01
3.716528111815995405e-01
3.716528111815995405e-01
3.716528111815995405e-01
3.716528111815995405e-01
3.716528111815995405e-01
3.716528111815995405e-01
3.716528111815995405e-01
3.716528111815995405e-01
3.716528111815995405e-01
3.716528111815995405e-01
3.716528111815995405e-01
3.716528111815995961e-01
3.716528111815995405e-01
3.716528111815995405e-01
3.716528111815995405e-01
3.716528111815995405e-01
3.716528111815995405e-01
3.716528111815995405e-01
3.716528111815995405e-01
3.716528111815995405e-01
3.716528111815995961e-01
3.716528111815995405e-01
3.716528111815995405e-01
3.716528111815995405e-01
3.716528111815995405e-01
3.716528111815995405e-01
3.716528111815995405e-01
3.716528111815995405e-01
3.716528111815995405e-01
3.716528111815995405e-01
3.716528111815995405e-01
3.716528111815995405e-01
3.716528111815995961e-01
3.716528111815995961e-01
3.716528111815995961e-01
3.716528111815995961e-01
3.716528111815995961e-01
3.716528111815995961e-01
3.716528111815997071e-01
3.716528111815995961e-01
3.716528111815995405e-01
3.716528111815995405e-01
3.716528111815995961e-01
3.716528111815995961e-01
3.716528111815995961e-01
3.716528111815995961e-01
3.716528111815997071e-01
3.716528111815995405e-01
3.716528111815995405e-01
3.716528111815995961e-01
3.716528111815995405e-01
3.716528111815995405e-01
3.716528111815995405e-01
3.716528111815995405e-01
3.716528111815995405e-01
3.716528111815995961e-01
3.716528111815995961e-01
3.716528111815995405e-01
3.716528111815995405e-01
3.716528111815995405e-01
3.716528111815995405e-01
