4.201758299625227844e-01
4.201759307958093381e-01
4.201759348311766562e-01
4.201758515175993969e-01
4.201757615486283459e-01
4.201757400705141143e-01
4.201757950677358355e-01
4.201758699783335049e-01
4.201758995270559738e-01
4.201758651055457205e-01
4.201758037916358823e-01
4.201757699040694072e-01
4.201757875395936148e-01
4.201758347301568497e-01
4.201758680176362337e-01
4.201758614839491424e-01
4.201758258487193198e-01
4.201757945261550553e-01
4.201757927638345991e-01
4.201758178090206353e-01
4.201758450473174200e-01
4.201758514428939328e-01
4.201758344415771340e-01
4.201758112705262227e-01
4.201758019146792367e-01
4.201758121477915942e-01
4.201758306956951960e-01
4.201758409409330763e-01
4.201758354513930871e-01
4.201758208844326159e-01
4.201758105207578087e-01
4.201758123284268232e-01
4.201758230799037541e-01
4.201758325720368337e-01
4.201758330553128085e-01
4.201758253283642275e-01
4.201758168979829455e-01
4.201758148242863977e-01
4.201758199216659162e-01
4.201758269424182846e-01
4.201758297670233344e-01
4.201758266035702793e-01
4.201758208792186755e-01
4.201758176767977915e-01
4.201758192876814957e-01
4.201758236939742708e-01
4.201758268366168614e-01
4.201758262655480580e-01
4.201758229518002263e-01
4.201758200104152574e-01
4.201758198195243987e-01
4.201758221477255306e-01
4.201758247053363760e-01
4.201758253282629751e-01
4.201758237569790388e-01
4.201758215896945758e-01
4.201758206999406386e-01
4.201758216434738347e-01
4.201758233783342567e-01
4.201758243496487855e-01
4.201758238508442878e-01
4.201758224933280217e-01
4.201758215175065980e-01
4.201758216765496545e-01
4.201758226782627004e-01
4.201758235715138956e-01
4.201758236264218072e-01
4.201758229097217745e-01
4.201758221196826293e-01
4.201758219195405597e-01
4.201758223917789747e-01
4.201758230495968305e-01
4.201758233193411129e-01
4.201758230286172791e-01
4.201758224941342656e-01
4.201758221914719815e-01
4.201758223384385316e-01
4.201758227497539577e-01
4.201758230463265575e-01
4.201758229965958935e-01
4.201758226884240721e-01
4.201758224121835972e-01
4.201758223918448110e-01
4.201758226082021874e-01
4.201758228482883606e-01
4.201758229088192742e-01
4.201758227635947751e-01
4.201758225608631658e-01
4.201758224762462968e-01
4.201758225631904708e-01
4.201758227254187017e-01
4.201758228174559684e-01
4.201758227721515970e-01
4.201758226456339673e-01
4.201758225537459146e-01
4.201758225676648362e-01
4.201758226609689229e-01
4.201758227450019811e-01
4.201758227510303256e-01
4.201758226845511146e-01
