2.866300964799154971e-01
2.866300964773460525e-01
2.866300964752007130e-01
2.866300964734104784e-01
2.866300964719173949e-01
2.866300964706728904e-01
2.866300964696360531e-01
2.866300964687727992e-01
2.866300964680546515e-01
2.866300964674575180e-01
2.866300964669613593e-01
2.866300964665494111e-01
2.866300964662076289e-01
2.866300964659243555e-01
2.866300964656897099e-01
2.866300964654956429e-01
2.866300964653351047e-01
2.866300964652024885e-01
2.866300964650931316e-01
2.866300964650030370e-01
2.866300964649288741e-01
2.866300964648678673e-01
2.866300964648177962e-01
2.866300964647767180e-01
2.866300964647431893e-01
2.866300964647157667e-01
2.866300964646933402e-01
2.866300964646751881e-01
2.866300964646604221e-01
2.866300964646484317e-01
2.866300964646387173e-01
2.866300964646309457e-01
2.866300964646246729e-01
2.866300964646196769e-01
2.866300964646157357e-01
2.866300964646124605e-01
2.866300964646100180e-01
2.866300964646080751e-01
2.866300964646065763e-01
2.866300964646054661e-01
2.866300964646045224e-01
2.866300964646038008e-01
2.866300964646033567e-01
2.866300964646030236e-01
2.866300964646027460e-01
2.866300964646025795e-01
2.866300964646025240e-01
2.866300964646024685e-01
2.866300964646024130e-01
2.866300964646023575e-01
2.866300964646023575e-01
2.866300964646024685e-01
2.866300964646025240e-01
2.866300964646025240e-01
2.866300964646025795e-01
2.866300964646026905e-01
2.866300964646027460e-01
2.866300964646028016e-01
2.866300964646028571e-01
2.866300964646029126e-01
2.866300964646029681e-01
2.866300964646030236e-01
2.866300964646030236e-01
2.866300964646030791e-01
2.866300964646030791e-01
2.866300964646030791e-01
2.866300964646031901e-01
2.866300964646031901e-01
2.866300964646032456e-01
2.866300964646033012e-01
2.866300964646032456e-01
2.866300964646033012e-01
2.866300964646033012e-01
2.866300964646033012e-01
2.866300964646032456e-01
2.866300964646032456e-01
2.866300964646033012e-01
2.866300964646033567e-01
2.866300964646033567e-01
2.866300964646033012e-01
2.866300964646033567e-01
2.866300964646033567e-01
2.866300964646033567e-01
2.866300964646033012e-01
2.866300964646033567e-01
2.866300964646033012e-01
2.866300964646033012e-01
2.866300964646033012e-01
2.866300964646033012e-01
2.866300964646032456e-01
2.866300964646032456e-01
2.866300964646032456e-01
2.866300964646033012e-01
2.866300964646033012e-01
2.866300964646033012e-01
2.866300964646033012e-01
2.866300964646032456e-01
2.866300964646033012e-01
2.866300964646032456e-01
2.866300964646032456e-01
