4.827147221282011014e-01
4.827147221282012124e-01
4.827147221282012679e-01
4.827147221282012679e-01
4.827147221282012124e-01
4.827147221282012679e-01
4.827147221282012679e-01
4.827147221282012679e-01
4.827147221282012679e-01
4.827147221282012679e-01
4.827147221282012679e-01
4.827147221282012679e-01
4.827147221282012679e-01
4.827147221282012679e-01
4.827147221282012679e-01
4.827147221282012679e-01
4.827147221282012679e-01
4.827147221282012679e-01
4.827147221282012679e-01
4.827147221282012679e-01
4.827147221282012679e-01
4.827147221282012679e-01
4.827147221282012679e-01
4.827147221282012679e-01
4.827147221282012679e-01
4.827147221282012679e-01
4.827147221282012679e-01
4.827147221282012679e-01
4.827147221282012679e-01
4.827147221282012679e-01
4.827147221282012679e-01
4.827147221282012679e-01
4.827147221282012679e-01
4.827147221282012679e-01
4.827147221282012679e-01
4.827147221282012679e-01
4.827147221282012679e-01
4.827147221282012679e-01
4.827147221282012679e-01
4.827147221282012679e-01
4.827147221282012679e-01
4.827147221282012124e-01
4.827147221282012679e-01
4.827147221282012679e-01
4.827147221282012679e-01
4.827147221282012679e-01
4.827147221282012679e-01
4.827147221282012679e-01
4.827147221282012679e-01
4.827147221282012679e-01
4.827147221282012679e-01
4.827147221282012679e-01
4.827147221282012679e-01
4.827147221282012679e-01
4.827147221282012679e-01
4.827147221282012679e-01
4.827147221282012679e-01
4.827147221282012679e-01
4.827147221282012679e-01
4.827147221282012679e-01
4.827147221282012679e-01
4.827147221282012679e-01
4.827147221282012679e-01
4.827147221282012124e-01
4.827147221282012679e-01
4.827147221282012679e-01
4.827147221282012679e-01
4.827147221282012679e-01
4.827147221282012679e-01
4.827147221282012679e-01
4.827147221282013234e-01
4.827147221282012124e-01
4.827147221282012679e-01
4.827147221282012679e-01
4.827147221282012679e-01
4.827147221282012679e-01
4.827147221282012679e-01
4.827147221282012679e-01
4.827147221282012679e-01
4.827147221282012124e-01
4.827147221282012679e-01
4.827147221282012679e-01
4.827147221282012124e-01
4.827147221282012124e-01
4.827147221282012679e-01
4.827147221282012679e-01
4.827147221282012679e-01
4.827147221282012679e-01
4.827147221282012679e-01
4.827147221282012679e-01
4.827147221282012679e-01
4.827147221282012679e-01
4.827147221282012679e-01
4.827147221282012679e-01
4.827147221282012124e-01
4.827147221282012679e-01
4.827147221282012679e-01
4.827147221282012679e-01
4.827147221282012679e-01
4.827147221282012679e-01
