4.145363599253442111e-01
4.145363599253438780e-01
4.145363599253445996e-01
4.145363599253457654e-01
4.145363599253467091e-01
4.145363599253472087e-01
4.145363599253472087e-01
4.145363599253468201e-01
4.145363599253463205e-01
4.145363599253460984e-01
4.145363599253460429e-01
4.145363599253460984e-01
4.145363599253461540e-01
4.145363599253463205e-01
4.145363599253463205e-01
4.145363599253464870e-01
4.145363599253463205e-01
4.145363599253462650e-01
4.145363599253461540e-01
4.145363599253461540e-01
4.145363599253462650e-01
4.145363599253461540e-01
4.145363599253462650e-01
4.145363599253462650e-01
4.145363599253462650e-01
4.145363599253461540e-01
4.145363599253461540e-01
4.145363599253462650e-01
4.145363599253463205e-01
4.145363599253463205e-01
4.145363599253463205e-01
4.145363599253462650e-01
4.145363599253461540e-01
4.145363599253461540e-01
4.145363599253461540e-01
4.145363599253463205e-01
4.145363599253462650e-01
4.145363599253462650e-01
4.145363599253462650e-01
4.145363599253462650e-01
4.145363599253462650e-01
4.145363599253461540e-01
4.145363599253463205e-01
4.145363599253463205e-01
4.145363599253462650e-01
4.145363599253463205e-01
4.145363599253462650e-01
4.145363599253462650e-01
4.145363599253462650e-01
4.145363599253462650e-01
4.145363599253463205e-01
4.145363599253462650e-01
4.145363599253462650e-01
4.145363599253462650e-01
4.145363599253462650e-01
4.145363599253463205e-01
4.145363599253463205e-01
4.145363599253462650e-01
4.145363599253463205e-01
4.145363599253463205e-01
4.145363599253463205e-01
4.145363599253462650e-01
4.145363599253463205e-01
4.145363599253462650e-01
4.145363599253463205e-01
4.145363599253463205e-01
4.145363599253463205e-01
4.145363599253463205e-01
4.145363599253462650e-01
4.145363599253462650e-01
4.145363599253461540e-01
4.145363599253462650e-01
4.145363599253462650e-01
4.145363599253463205e-01
4.145363599253463205e-01
4.145363599253463205e-01
4.145363599253462650e-01
4.145363599253462650e-01
4.145363599253462650e-01
4.145363599253463205e-01
4.145363599253463205e-01
4.145363599253463205e-01
4.145363599253463205e-01
4.145363599253463205e-01
4.145363599253463205e-01
4.145363599253463205e-01
4.145363599253462650e-01
4.145363599253461540e-01
4.145363599253461540e-01
4.145363599253462650e-01
4.145363599253463205e-01
4.145363599253462650e-01
4.145363599253463205e-01
4.145363599253463205e-01
4.145363599253463205e-01
4.145363599253463205e-01
4.145363599253463205e-01
4.145363599253463205e-01
4.145363599253462650e-01
4.145363599253462650e-01
