1.752208306646081959e-01
1.752208306646082514e-01
1.752208306646082514e-01
1.752208306646082514e-01
1.752208306646082514e-01
1.752208306646082514e-01
1.752208306646082792e-01
1.752208306646082514e-01
1.752208306646082514e-01
1.752208306646083069e-01
1.752208306646083069e-01
1.752208306646082792e-01
1.752208306646082792e-01
1.752208306646082792e-01
1.752208306646082514e-01
1.752208306646083069e-01
1.752208306646082514e-01
1.752208306646083069e-01
1.752208306646083069e-01
1.752208306646083069e-01
1.752208306646082514e-01
1.752208306646082792e-01
1.752208306646083069e-01
1.752208306646083069e-01
1.752208306646082792e-01
1.752208306646083069e-01
1.752208306646083069e-01
1.752208306646083069e-01
1.752208306646083069e-01
1.752208306646083069e-01
1.752208306646083069e-01
1.752208306646083069e-01
1.752208306646083069e-01
1.752208306646082792e-01
1.752208306646083069e-01
1.752208306646083069e-01
1.752208306646083069e-01
1.752208306646083069e-01
1.752208306646083069e-01
1.752208306646083069e-01
1.752208306646083069e-01
1.752208306646083069e-01
1.752208306646082514e-01
1.752208306646082514e-01
1.752208306646082514e-01
1.752208306646082514e-01
1.752208306646082792e-01
1.752208306646083069e-01
1.752208306646082792e-01
1.752208306646083069e-01
1.752208306646083069e-01
1.752208306646083069e-01
1.752208306646082792e-01
1.752208306646082514e-01
1.752208306646083069e-01
1.752208306646083069e-01
1.752208306646082514e-01
1.752208306646082792e-01
1.752208306646083069e-01
1.752208306646083069e-01
1.752208306646083069e-01
1.752208306646083069e-01
1.752208306646082514e-01
1.752208306646082792e-01
1.752208306646082792e-01
1.752208306646083069e-01
1.752208306646083069e-01
1.752208306646083069e-01
1.752208306646083069e-01
1.752208306646083069e-01
1.752208306646083069e-01
1.752208306646083069e-01
1.752208306646083069e-01
1.752208306646083069e-01
1.752208306646083069e-01
1.752208306646082792e-01
1.752208306646082514e-01
1.752208306646083069e-01
1.752208306646083069e-01
1.752208306646083069e-01
1.752208306646083069e-01
1.752208306646083069e-01
1.752208306646083069e-01
1.752208306646083069e-01
1.752208306646083069e-01
1.752208306646083069e-01
1.752208306646083069e-01
1.752208306646082514e-01
1.752208306646082792e-01
1.752208306646083069e-01
1.752208306646083069e-01
1.752208306646082792e-01
1.752208306646083069e-01
1.752208306646083069e-01
1.752208306646082792e-01
1.752208306646083069e-01
1.752208306646083069e-01
1.752208306646082792e-01
1.752208306646083069e-01
1.752208306646082514e-01
