4.846744013728155331e-01
4.846744013919119243e-01
4.846744014012894786e-01
4.846744014038969484e-01
4.846744014019814251e-01
4.846744013972238418e-01
4.846744013908551030e-01
4.846744013837533394e-01
4.846744013765249548e-01
4.846744013695694631e-01
4.846744013631330561e-01
4.846744013573500154e-01
4.846744013522752415e-01
4.846744013479095670e-01
4.846744013442190191e-01
4.846744013411479757e-01
4.846744013386300454e-01
4.846744013365948955e-01
4.846744013349733593e-01
4.846744013336997670e-01
4.846744013327148326e-01
4.846744013319656541e-01
4.846744013314062682e-01
4.846744013309975951e-01
4.846744013307068277e-01
4.846744013305069876e-01
4.846744013303759813e-01
4.846744013302959342e-01
4.846744013302531906e-01
4.846744013302364817e-01
4.846744013302375920e-01
4.846744013302503040e-01
4.846744013302698439e-01
4.846744013302928256e-01
4.846744013303169729e-01
4.846744013303406762e-01
4.846744013303628806e-01
4.846744013303830867e-01
4.846744013304010168e-01
4.846744013304165044e-01
4.846744013304297161e-01
4.846744013304408183e-01
4.846744013304498666e-01
4.846744013304573606e-01
4.846744013304633003e-01
4.846744013304678522e-01
4.846744013304715715e-01
4.846744013304744025e-01
4.846744013304765120e-01
4.846744013304779553e-01
4.846744013304790100e-01
4.846744013304798981e-01
4.846744013304803977e-01
4.846744013304807863e-01
4.846744013304810084e-01
4.846744013304810639e-01
4.846744013304810639e-01
4.846744013304810084e-01
4.846744013304808418e-01
4.846744013304808418e-01
4.846744013304807863e-01
4.846744013304806198e-01
4.846744013304805643e-01
4.846744013304805643e-01
4.846744013304804533e-01
4.846744013304803977e-01
4.846744013304802867e-01
4.846744013304802867e-01
4.846744013304802867e-01
4.846744013304802867e-01
4.846744013304802867e-01
4.846744013304802867e-01
4.846744013304802867e-01
4.846744013304802867e-01
4.846744013304801757e-01
4.846744013304801757e-01
4.846744013304801757e-01
4.846744013304801757e-01
4.846744013304801757e-01
4.846744013304801202e-01
4.846744013304802867e-01
4.846744013304802867e-01
4.846744013304802867e-01
4.846744013304802867e-01
4.846744013304802867e-01
4.846744013304801757e-01
4.846744013304801757e-01
4.846744013304801202e-01
4.846744013304801202e-01
4.846744013304801202e-01
4.846744013304801202e-01
4.846744013304801202e-01
4.846744013304801202e-01
4.846744013304801202e-01
4.846744013304801202e-01
4.846744013304801757e-01
4.846744013304801757e-01
4.846744013304801202e-01
4.846744013304802867e-01
4.846744013304801202e-01
