7.970489541552812363e-02
7.943113153295626450e-02
7.922769881125807379e-02
7.934362573511337391e-02
7.961625968016627919e-02
7.964396044596386282e-02
7.942131821682701931e-02
7.926811119960136542e-02
7.937465168324145393e-02
7.958797123281899366e-02
7.959796137224611767e-02
7.941664882895627109e-02
7.930228770496154656e-02
7.939801621566194845e-02
7.956444106650750747e-02
7.956239199352128921e-02
7.941481170291112002e-02
7.933064763644011308e-02
7.941546945718713779e-02
7.954490427554279652e-02
7.953496638685046694e-02
7.941497920759228724e-02
7.935400726689734174e-02
7.942824251679331260e-02
7.952854419931737473e-02
7.951384224375507292e-02
7.941652156331788226e-02
7.937317255641723746e-02
7.943741140762423936e-02
7.951478688182805898e-02
7.949758773561388381e-02
7.941891472009939001e-02
7.938882129246181696e-02
7.944385209394225211e-02
7.950322310885786503e-02
7.948511521210549491e-02
7.942176481124015031e-02
7.940152833572516888e-02
7.944825128512131296e-02
7.949352866919197347e-02
7.947558704889744197e-02
7.942479221723137972e-02
7.941178831436673802e-02
7.945114178019392626e-02
7.948543096567585453e-02
7.946834966485440133e-02
7.942780594239856606e-02
7.942002595469851989e-02
7.945293375758809284e-02
7.947869521364499257e-02
7.946289016869056976e-02
7.943068175534595543e-02
7.942660309925467232e-02
7.945393993593484472e-02
7.947311724706294933e-02
7.945880543571037791e-02
7.943334475650026816e-02
7.943182539139047316e-02
7.945439619638154649e-02
7.946851914861326194e-02
7.945577878330103982e-02
7.943575558600618480e-02
7.943594887841404217e-02
7.945447844421969774e-02
7.946474623930643855e-02
7.945356192831945497e-02
7.943789972221500240e-02
7.943918638903162133e-02
7.945431621272544542e-02
7.946166468151531770e-02
7.945196081938687982e-02
7.943977936831285447e-02
7.944171354232990034e-02
7.945400350683312629e-02
7.945915934804989589e-02
7.945082439916398287e-02
7.944140743319616504e-02
7.944367427491411116e-02
7.945360736209224062e-02
7.945713182519188733e-02
7.945003563868112406e-02
7.944280316057855673e-02
7.944518581421025627e-02
7.945317454177504291e-02
7.945549851558231236e-02
7.944950436673400840e-02
7.944398902843310961e-02
7.944634306951732505e-02
7.945273673442089513e-02
7.945418884510438429e-02
7.944916153421101301e-02
7.944498861019608227e-02
7.944722244787463805e-02
7.945231455539220056e-02
7.945314358891364392e-02
7.944895463289866622e-02
7.944582515194302530e-02
7.944788512626670129e-02
7.945192060266283163e-02
7.945231333103984495e-02
