6.031895885517623013e-01
6.001729554316409532e-01
6.017918580889288771e-01
6.032791745734570332e-01
6.042392766208976029e-01
6.009813459648029044e-01
6.022641590706679926e-01
6.039310607972718792e-01
6.043094832805281369e-01
6.008308581930313919e-01
6.015167343365130925e-01
6.035293623556527987e-01
6.048275920868649846e-01
6.018592689535264828e-01
6.011184409135738038e-01
6.033867605152667402e-01
6.043552303923627189e-01
6.038787515342444179e-01
6.004339425688646203e-01
6.023823534366551380e-01
6.038690133535127291e-01
6.045226507410120798e-01
6.010302028354866932e-01
6.022133449311162234e-01
6.038911038562135847e-01
6.047104580832833864e-01
6.012851078003064176e-01
6.015238743107630404e-01
6.036144185324031630e-01
6.047611570854842800e-01
6.025896864050250823e-01
6.004255190007837806e-01
6.024065342039393034e-01
6.035795779337280731e-01
6.038055639488874027e-01
6.010086733328426911e-01
6.024058014565997210e-01
6.041493486605912233e-01
6.036798430920821135e-01
5.998161781808959425e-01
6.008116848332680782e-01
6.027398568273854007e-01
6.043126270217963336e-01
6.009940217276149577e-01
6.009404226090478973e-01
6.035502196579842771e-01
6.046921685313138006e-01
6.030520473963993933e-01
5.998162914821274505e-01
6.015687895128357665e-01
6.030782821711522246e-01
6.042226024338714918e-01
6.004610047420262386e-01
6.019736547367624535e-01
6.039360707180947418e-01
6.048714968049841989e-01
6.011724240138928144e-01
6.014500971133858176e-01
6.036032292255870679e-01
6.047341708372643287e-01
6.026993496962513852e-01
6.002999834216481423e-01
6.022654214815762463e-01
6.034913403058884684e-01
6.038468407558214013e-01
6.009687480396210812e-01
6.023778286070086141e-01
6.041225619413165271e-01
6.037318235340323191e-01
5.998841668980570141e-01
6.008897008563776065e-01
6.028271803276648022e-01
6.043976055200663833e-01
6.010195328102247991e-01
6.010148392187674160e-01
6.036081323483876160e-01
6.047594964457416733e-01
6.029923460310809835e-01
5.998638382077087217e-01
6.016324173606779624e-01
6.031094316792066090e-01
6.041911380463413916e-01
6.005063643910757420e-01
6.020594168284604253e-01
6.039565608575837574e-01
6.047810470764417579e-01
6.009477608542544980e-01
6.014352821914514813e-01
6.035766656247721906e-01
6.047967108002785253e-01
6.022656384666603691e-01
6.006195623191528110e-01
6.028293366768889827e-01
6.038528615543647948e-01
6.037514224424138654e-01
6.010178310281713010e-01
6.026423646351539709e-01
6.041301304411261786e-01
6.033828312161766405e-01
6.000221666823754019e-01
