6.354529789216568636e-01
6.354529789216566416e-01
6.354529789216563085e-01
6.354529789216563085e-01
6.354529789216563085e-01
6.354529789216563085e-01
6.354529789216563085e-01
6.354529789216563085e-01
6.354529789216563085e-01
6.354529789216563085e-01
6.354529789216563085e-01
6.354529789216563085e-01
6.354529789216563085e-01
6.354529789216563085e-01
6.354529789216563085e-01
6.354529789216563085e-01
6.354529789216563085e-01
6.354529789216563085e-01
6.354529789216563085e-01
6.354529789216563085e-01
6.354529789216563085e-01
6.354529789216563085e-01
6.354529789216563085e-01
6.354529789216563085e-01
6.354529789216563085e-01
6.354529789216563085e-01
6.354529789216563085e-01
6.354529789216563085e-01
6.354529789216563085e-01
6.354529789216564195e-01
6.354529789216563085e-01
6.354529789216563085e-01
6.354529789216563085e-01
6.354529789216564195e-01
6.354529789216563085e-01
6.354529789216563085e-01
6.354529789216563085e-01
6.354529789216563085e-01
6.354529789216563085e-01
6.354529789216563085e-01
6.354529789216563085e-01
6.354529789216563085e-01
6.354529789216563085e-01
6.354529789216563085e-01
6.354529789216563085e-01
6.354529789216564195e-01
6.354529789216563085e-01
6.354529789216563085e-01
6.354529789216563085e-01
6.354529789216563085e-01
6.354529789216563085e-01
6.354529789216563085e-01
6.354529789216563085e-01
6.354529789216563085e-01
6.354529789216563085e-01
6.354529789216563085e-01
6.354529789216563085e-01
6.354529789216563085e-01
6.354529789216563085e-01
6.354529789216563085e-01
6.354529789216563085e-01
6.354529789216563085e-01
6.354529789216563085e-01
6.354529789216563085e-01
6.354529789216564195e-01
6.354529789216563085e-01
6.354529789216563085e-01
6.354529789216563085e-01
6.354529789216563085e-01
6.354529789216563085e-01
6.354529789216563085e-01
6.354529789216563085e-01
6.354529789216563085e-01
6.354529789216563085e-01
6.354529789216563085e-01
6.354529789216563085e-01
6.354529789216563085e-01
6.354529789216563085e-01
6.354529789216563085e-01
6.354529789216563085e-01
6.354529789216563085e-01
6.354529789216563085e-01
6.354529789216563085e-01
6.354529789216564195e-01
6.354529789216563085e-01
6.354529789216563085e-01
6.354529789216563085e-01
6.354529789216563085e-01
6.354529789216563085e-01
6.354529789216564195e-01
6.354529789216563085e-01
6.354529789216563085e-01
6.354529789216563085e-01
6.354529789216563085e-01
6.354529789216563085e-01
6.354529789216563085e-01
6.354529789216563085e-01
6.354529789216563085e-01
6.354529789216563085e-01
6.354529789216563085e-01
