2.230436674779210093e-01
2.177726816957796241e-01
2.075360270450457290e-01
2.014300379720386780e-01
2.064241532406174418e-01
2.115738687574995891e-01
2.205622546604597001e-01
2.068035831718066375e-01
2.174976846331272418e-01
2.163488710920118407e-01
2.226277717744827023e-01
2.141066655255037809e-01
2.274670108715404759e-01
2.186130786181627039e-01
2.244374887330350399e-01
2.231607196185693975e-01
2.162340086819558582e-01
2.136773171814752015e-01
2.135161090875558887e-01
2.126067816847720671e-01
2.148708005362175433e-01
2.144413073939060999e-01
2.183258892824181951e-01
2.150064895585712677e-01
2.179778184997520352e-01
2.151814786661884471e-01
2.273233052444399993e-01
2.155543142529118272e-01
2.212975853156581019e-01
2.174111105025300916e-01
2.160568945231506055e-01
2.146550406284572499e-01
2.113508025265055934e-01
2.128505922209799894e-01
2.243240340661714349e-01
2.130227324474930906e-01
2.147349994019164821e-01
2.098974376911986461e-01
2.102112536713601210e-01
2.054339785247767391e-01
2.083057092395720067e-01
2.084761496456009056e-01
2.093535712717584929e-01
2.118937788690593571e-01
2.228786208455464379e-01
2.124874261448599089e-01
2.143955408314678623e-01
2.112231396431626940e-01
2.087486386275220762e-01
2.030666664184777592e-01
2.049881123789493165e-01
2.094961123782373980e-01
2.104263024067447863e-01
2.123956505559297381e-01
2.185323617685134001e-01
2.203394758388195485e-01
2.170702776765381925e-01
2.098066896420466565e-01
2.091986829377011636e-01
2.073346727235584053e-01
2.129224547921940991e-01
2.130032200239371787e-01
2.153388001284796682e-01
2.235714702079122651e-01
2.299460100829798237e-01
2.397820642379437095e-01
2.503628015653628913e-01
2.451838090529432079e-01
2.454958277596870908e-01
2.642781736704744588e-01
2.600899442213599477e-01
2.677764847416579386e-01
2.716498577472375997e-01
2.668226115258736098e-01
2.739792356613890978e-01
2.872269536679633029e-01
2.840081230943937163e-01
2.723236484439921501e-01
2.452421124501674154e-01
2.341738161842308041e-01
2.310142228520040697e-01
2.421409722280130628e-01
2.516263291469308938e-01
2.393781142003529872e-01
2.599087322117880627e-01
2.762156496073749912e-01
2.566042474027928066e-01
2.333440069835460984e-01
2.173661184385223544e-01
2.065465211496557707e-01
1.856332949022216627e-01
1.511451160472761790e-01
1.550336836144894370e-01
1.619061338247904658e-01
1.617000283488038981e-01
1.715305042590863360e-01
1.885975416580242814e-01
1.932739605793415416e-01
1.738437496950701322e-01
1.676502177460957588e-01
