5.193552383579129739e-01
5.193552618284745792e-01
5.193552669109359199e-01
5.193552533329025556e-01
5.193552442728732732e-01
5.193552494503358430e-01
5.193552575067457155e-01
5.193552573249938797e-01
5.193552518535092810e-01
5.193552496707734001e-01
5.193552523534004095e-01
5.193552548655490098e-01
5.193552540888832780e-01
5.193552520757750424e-01
5.193552517366242238e-01
5.193552529090886827e-01
5.193552535975274331e-01
5.193552530876499596e-01
5.193552524073747900e-01
5.193552524528197711e-01
5.193552529115308403e-01
5.193552530609245599e-01
5.193552528103986266e-01
5.193552526012673587e-01
5.193552526750807585e-01
5.193552528387415101e-01
5.193552528526105272e-01
5.193552527458946688e-01
5.193552526893169263e-01
5.193552527337318425e-01
5.193552527868946500e-01
5.193552527770863847e-01
5.193552527358598070e-01
5.193552527236826588e-01
5.193552527445058908e-01
5.193552527598606083e-01
5.193552527512685923e-01
5.193552527365896676e-01
5.193552527353996195e-01
5.193552527439060373e-01
5.193552527475628899e-01
5.193552527428820786e-01
5.193552527380551620e-01
5.193552527387552686e-01
5.193552527418822118e-01
5.193552527423931364e-01
5.193552527402605090e-01
5.193552527388092255e-01
5.193552527394202922e-01
5.193552527404564634e-01
5.193552527403242358e-01
5.193552527394497131e-01
5.193552527390613571e-01
5.193552527393803242e-01
5.193552527396815277e-01
5.193552527395184359e-01
5.193552527391858131e-01
5.193552527390998819e-01
5.193552527392351070e-01
5.193552527393048290e-01
5.193552527392064633e-01
5.193552527390873363e-01
5.193552527390754570e-01
5.193552527391249729e-01
5.193552527391320783e-01
5.193552527390837836e-01
5.193552527390430384e-01
5.193552527390444817e-01
5.193552527390599138e-01
5.193552527390549178e-01
5.193552527390336016e-01
5.193552527390202789e-01
5.193552527390220552e-01
5.193552527390257190e-01
5.193552527390208340e-01
5.193552527390118412e-01
5.193552527390077334e-01
5.193552527390082885e-01
5.193552527390086215e-01
5.193552527390056239e-01
5.193552527390020712e-01
5.193552527390006279e-01
5.193552527390008500e-01
5.193552527390002949e-01
5.193552527389988516e-01
5.193552527389974083e-01
5.193552527389968532e-01
5.193552527389966311e-01
5.193552527389964091e-01
5.193552527389956319e-01
5.193552527389951878e-01
5.193552527389948548e-01
5.193552527389947437e-01
5.193552527389945217e-01
5.193552527389941886e-01
5.193552527389939666e-01
5.193552527389939666e-01
5.193552527389937445e-01
5.193552527389936335e-01
5.193552527389935225e-01
