5.581374970537449354e-01
5.672866172515503846e-01
5.744793112619377418e-01
5.645757693186345128e-01
5.710668095860479410e-01
5.746364183735168663e-01
5.667904178422865646e-01
5.549076129035251936e-01
5.649587075825366345e-01
5.688077088897934841e-01
5.731221980283753847e-01
5.658806632047166385e-01
5.695188320445409014e-01
5.621994555892310119e-01
5.551718035539335849e-01
5.669105699075716043e-01
5.729928052230339741e-01
5.797875114717142564e-01
5.635743115461008257e-01
5.664153790584732784e-01
5.707953620423602548e-01
5.585445706656306797e-01
5.592536843062394514e-01
5.682970501703248356e-01
5.749459585858017752e-01
5.663055917610603229e-01
5.704741339752260609e-01
5.684163661925029087e-01
5.575570650975607556e-01
5.605392403716379368e-01
5.666848345143655763e-01
5.739600258628693163e-01
5.640190679876805335e-01
5.701966814228158764e-01
5.760148432389442519e-01
5.699322529088165501e-01
5.614469938171410268e-01
5.551966244265047479e-01
5.667594073285816547e-01
5.726814411220627621e-01
5.785518131412153986e-01
5.627934619133218019e-01
5.671249361474957063e-01
5.697742985371561097e-01
5.774418776427502342e-01
5.696524305477569383e-01
5.598215168437080669e-01
5.564892823612382911e-01
5.693450225145665344e-01
5.725721820707115883e-01
5.741094820147771838e-01
5.679987931398789991e-01
5.652399616832506357e-01
5.542946791709184584e-01
5.678003547590232403e-01
5.728975620537228863e-01
5.783862675171027590e-01
5.674478730220658962e-01
5.612127935826339842e-01
5.556464797530799027e-01
5.665329233013512988e-01
5.713662599284828891e-01
5.770546799278650774e-01
5.605548276684402254e-01
5.661702883524005747e-01
5.694762810405559206e-01
5.772334644617483912e-01
5.631698065167177747e-01
5.575669039927931836e-01
5.669200686807164269e-01
5.697277508166272986e-01
5.668143783921582024e-01
5.691183633489438343e-01
5.622370453079690300e-01
5.551174056958390057e-01
5.674619107745725310e-01
5.735561526932898557e-01
5.801802655520933438e-01
5.652301231064239539e-01
5.665797115070970724e-01
5.682289251387283580e-01
5.564023752831688263e-01
5.626872828041807884e-01
5.676263390492456429e-01
5.726339767366815936e-01
5.659529913544424362e-01
5.708093492865430330e-01
5.669591014553703179e-01
5.549792344932398258e-01
5.652468142222706327e-01
5.689173298875016549e-01
5.729533183124890794e-01
5.662967271878145414e-01
5.682223200707053890e-01
5.591092704302726979e-01
5.580501391523149390e-01
5.671899012623770053e-01
5.747863222424511864e-01
5.648421757851075364e-01
5.711434734640494781e-01
