1.018280808723818903e-01
9.859194460518699854e-02
9.907699785895708600e-02
9.948663293073289893e-02
9.950463134476181248e-02
9.938890319628881920e-02
9.926672307011397134e-02
9.918799277258533165e-02
9.925148916336869187e-02
9.945501045488974734e-02
9.969762565006620725e-02
9.991567050229492597e-02
1.001494648892599787e-01
1.005174186521834295e-01
1.011541555057713232e-01
1.019828615356106194e-01
1.023421579643880586e-01
1.012044350463934955e-01
9.975574713488014056e-02
9.916021936625306343e-02
9.911257239745253911e-02
9.975555672194445778e-02
1.007893622901376157e-01
1.022700930490526294e-01
9.901115198907557702e-02
9.936152696962781417e-02
9.958616812024206899e-02
9.952598439691795473e-02
9.942311684524661464e-02
9.932189911518846115e-02
9.924487740504928102e-02
9.928941137691066343e-02
9.949149239368787478e-02
9.977348478627408312e-02
1.000537532873590901e-01
1.003639300449674088e-01
1.008361733567376683e-01
1.015785890770217054e-01
1.023179066840112922e-01
1.020371106179658316e-01
1.003924743147625726e-01
9.947377413436829519e-02
9.898020582805970580e-02
9.944193980406400291e-02
9.986544346707205977e-02
1.008574753733811752e-01
1.001213274646584883e-01
9.922425237305049217e-02
9.954616226882467833e-02
9.949745004600514531e-02
9.938857634759118431e-02
9.930786546082165378e-02
9.923149929062685670e-02
9.923594778173769337e-02
9.937143842043999475e-02
9.960990978053174683e-02
9.986936450318846525e-02
1.001350452364916377e-01
1.004925877446960492e-01
1.010808968992175649e-01
1.018971480551367770e-01
1.023883724763204467e-01
1.014526592849248898e-01
9.987759412933465419e-02
9.923826586816572592e-02
9.903749892693147761e-02
9.970075579184707604e-02
1.004203025751152500e-01
1.018708299893205799e-01
9.860994211987837710e-02
9.909522708125489965e-02
9.949220378333309411e-02
9.950532109890472543e-02
9.939058781002443888e-02
9.927011626773854513e-02
9.919126179748105621e-02
9.925317278065520776e-02
9.945639703409049626e-02
9.970134407598577053e-02
9.992298672673466386e-02
1.001609398524948569e-01
1.005344256822116727e-01
1.011776102762693974e-01
1.020053684483848283e-01
1.023353874056210366e-01
1.011565770124421282e-01
9.973517916369452341e-02
9.914621069462173364e-02
9.912768211002739860e-02
9.976321336299484588e-02
1.008495926664457198e-01
1.022775324840280581e-01
9.908846233141850590e-02
9.940520860297305528e-02
9.960671531039799742e-02
9.953644509277573271e-02
9.943425682756386330e-02
9.933524180872602138e-02
9.925882496650406672e-02
9.930080815099394387e-02
