5.018811022450584414e-01
4.962586600247854141e-01
4.989179823312385187e-01
5.054529912595324692e-01
5.036910664992908515e-01
4.976003363891337572e-01
4.964026697634244534e-01
5.034344873997902425e-01
5.076043703905770421e-01
5.015366603592409378e-01
4.961507555164370031e-01
4.994749172279184801e-01
5.057352699778562277e-01
5.030674474477273561e-01
4.971969670206743408e-01
4.967830942599426036e-01
5.038729688002014928e-01
5.072049606382260656e-01
5.009536056287596795e-01
4.960220418222771599e-01
5.001924167742525240e-01
5.061461012015513461e-01
5.025207858714141329e-01
4.968483981570990249e-01
4.972750191469937908e-01
5.043272879239956152e-01
5.064525784419646737e-01
5.000569551059466100e-01
4.959061313714345220e-01
5.011410779170851759e-01
5.067822179388976611e-01
5.021552781550177036e-01
4.965543238520051528e-01
4.978522311077188123e-01
5.047945200347894179e-01
5.054127249065115679e-01
4.989919826836555772e-01
4.959169335660187916e-01
5.021551623349329585e-01
5.074461811215121854e-01
5.020371779947048196e-01
4.963688827598638498e-01
4.983969431491249158e-01
5.051733471573151002e-01
5.044584222276982111e-01
4.981604435567363875e-01
4.961005889008655578e-01
5.029078526764486634e-01
5.077154337184973665e-01
5.018893082809763317e-01
4.962620579944805876e-01
4.989005001412791240e-01
5.054442634380376109e-01
5.037138520354774718e-01
4.976157589324796682e-01
4.963913064091772798e-01
5.034190542558772963e-01
5.076128484408576336e-01
5.015519047903618244e-01
4.961547872801726489e-01
4.994539047183000902e-01
5.057242041689888890e-01
5.030875841235425971e-01
4.972096061679656120e-01
4.967684191223117329e-01
5.038580047557331687e-01
5.072239026410126916e-01
5.009784035760149745e-01
4.960266343694839652e-01
5.001641721351025582e-01
5.061286330250968080e-01
5.025374495127965524e-01
4.968596066209158280e-01
4.972563300129975161e-01
5.043112581592756882e-01
5.064844774035767161e-01
5.000923824469695189e-01
4.959087764264132336e-01
5.011056817769568017e-01
5.067574162567576312e-01
5.021630198490785180e-01
4.965628535870719173e-01
4.978324531375372120e-01
5.047793346951953142e-01
5.054488767267883986e-01
4.990262814623531717e-01
4.959134152660630845e-01
5.021236512083385728e-01
5.074287082023323237e-01
5.020398476512916153e-01
4.963733412726234473e-01
4.983794557359524924e-01
5.051627160694875940e-01
5.044871464434479424e-01
4.981832569740874961e-01
4.960922397810005324e-01
5.028872363918335253e-01
5.077133527697612614e-01
5.018972865702757691e-01
4.962654479191828116e-01
