3.505535095819448110e-01
3.505999391142968213e-01
3.508152377815847434e-01
3.513924790017011190e-01
3.523361411916713370e-01
3.532531688362934852e-01
3.561885532240745555e-01
3.587085336104173239e-01
3.612174664542837643e-01
3.614775989572978077e-01
3.608794470301132651e-01
3.603517653780358154e-01
3.601868334507848934e-01
3.601197158347508864e-01
3.594884596327471149e-01
3.584780816371290757e-01
3.568305544252137196e-01
3.552779428358089353e-01
3.535683354783717980e-01
3.534120234776405578e-01
3.537597749690226667e-01
3.535716189914892005e-01
3.529737382379712907e-01
3.521649190676908736e-01
3.513756910187719740e-01
3.508634366769476376e-01
3.506473167107279632e-01
3.505912739481720219e-01
3.505867900810789584e-01
3.505959605432710791e-01
3.506053887036812422e-01
3.506085069741715632e-01
3.506030432607853964e-01
3.505894538071903654e-01
3.505704981611205695e-01
3.505542565791435194e-01
3.505655408257922767e-01
3.506770262952737527e-01
3.510541564359389022e-01
3.518440028163845601e-01
3.528397763454186320e-01
3.539403201799659060e-01
3.577025587691309849e-01
3.601464053435367019e-01
3.614196144967151136e-01
3.611264499475778100e-01
3.605427932280907410e-01
3.602203311567076516e-01
3.601769456820613780e-01
3.598803719484223729e-01
3.589054404077637872e-01
3.576114760120844283e-01
3.559668851356615482e-01
3.543478621779651005e-01
3.532745290742855260e-01
3.537229420258803936e-01
3.538134232976972715e-01
3.533817172776285154e-01
3.526753493203955703e-01
3.518372385734694352e-01
3.511360694192294796e-01
3.507491571866199753e-01
3.506134283231858162e-01
3.505855543943328101e-01
3.505887529252564305e-01
3.505991006822399836e-01
3.506064946948778682e-01
3.506062045261238436e-01
3.505972082401115353e-01
3.505808817383685994e-01
3.505617331229584632e-01
3.505532740252198520e-01
3.505967104210896967e-01
3.508037140132941878e-01
3.513671216504745676e-01
3.523031665027170356e-01
3.532255442399004353e-01
3.560024662262649686e-01
3.586217297623294220e-01
3.612559889566207549e-01
3.615654055669595968e-01
3.609457152003477387e-01
3.603817520465746882e-01
3.601882900163261847e-01
3.601376422100522334e-01
3.595753374143447756e-01
3.585697345079065235e-01
3.569857465770614469e-01
3.554232445852693600e-01
3.536837729476615677e-01
3.533683599768312478e-01
3.537659549978639517e-01
3.536358548796304513e-01
3.530750220138194062e-01
3.522855509239805061e-01
3.514741489930762741e-01
3.509155141193691096e-01
3.506641975306785675e-01
3.505941523299103135e-01
3.505857707971799520e-01
