4.034051814702049321e-01
4.033426268580547758e-01
4.032736523055236444e-01
4.032103423741186798e-01
4.031627363182443968e-01
4.031376159889976662e-01
4.031377729777340657e-01
4.031617728000235212e-01
4.032042750391488517e-01
4.032569484967580276e-01
4.033099513979280792e-01
4.033538017995867420e-01
4.033812466811120823e-01
4.033886058289511412e-01
4.033762082751325972e-01
4.033479017454310034e-01
4.033099299022381290e-01
4.032695662681737292e-01
4.032338119066521953e-01
4.032083301798478625e-01
4.031966932056689212e-01
4.031999733450906676e-01
4.032167031190291295e-01
4.032432136246555943e-01
4.032743270024455873e-01
4.033043185252624396e-01
4.033279856679913844e-01
4.033415979470112989e-01
4.033435053225645772e-01
4.033342784509972301e-01
4.033163979038634217e-01
4.032936250484827068e-01
4.032702306819834770e-01
4.032502384032525256e-01
4.032367936852904178e-01
4.032317262003465852e-01
4.032353424398342767e-01
4.032464630750808299e-01
4.032626956114193084e-01
4.032809023163450579e-01
4.032977875089790443e-01
4.033104964438657403e-01
4.033171061321871864e-01
4.033169098583215817e-01
4.033104496994359689e-01
4.032993148148486529e-01
4.032857726787389963e-01
4.032723222572586752e-01
4.032612546982859980e-01
4.032542893849507815e-01
4.032523315050331458e-01
4.032553765215082797e-01
4.032625672305476527e-01
4.032723890077909434e-01
4.032829682417931605e-01
4.032924204979019822e-01
4.032991839093625908e-01
4.033022752848174353e-01
4.033014236257036478e-01
4.032970641155347313e-01
4.032902061466343557e-01
4.032822123753619370e-01
4.032745372411254969e-01
4.032684732788682225e-01
4.032649455090816515e-01
4.032643820979580629e-01
4.032666758677039831e-01
4.032712372473882256e-01
4.032771255692449430e-01
4.032832333836588456e-01
4.032884896629869154e-01
4.032920447416948884e-01
4.032934041872410225e-01
4.032924901168021270e-01
4.032896240106868535e-01
4.032854406632579991e-01
4.032807547528229342e-01
4.032764075518880942e-01
4.032731215074354392e-01
4.032713860880263179e-01
4.032713910786562828e-01
4.032730148260882386e-01
4.032758658850735811e-01
4.032793680591506558e-01
4.032828720332328754e-01
4.032857728047698487e-01
4.032876118640847940e-01
4.032881468137570202e-01
4.032873781286102632e-01
4.032855314162480664e-01
4.032830018266945205e-01
4.032802734516868770e-01
4.032778296947319707e-01
4.032760705861741513e-01
4.032752503883489936e-01
4.032754443941150013e-01
4.032765484193368555e-01
4.032783089306142266e-01
4.032803767955606689e-01
4.032823740119638178e-01
