4.664885537771129020e-01
4.664980366077399188e-01
4.665068632541924942e-01
4.665150633716299566e-01
4.665226677042099701e-01
4.665297076085540562e-01
4.665362146388767339e-01
4.665422201916719636e-01
4.665477552067658351e-01
4.665528499207642343e-01
4.665575336684398833e-01
4.665618347273379762e-01
4.665657802008114086e-01
4.665693959347641528e-01
4.665727064635741828e-01
4.665757349809235288e-01
4.665785033315866803e-01
4.665810320205723283e-01
4.665833402363792071e-01
4.665854458854884479e-01
4.665873656355672416e-01
4.665891149651942849e-01
4.665907082182293997e-01
4.665921586612385985e-01
4.665934785426439912e-01
4.665946791525012460e-01
4.665957708820113181e-01
4.665967632820557376e-01
4.665976651201977354e-01
4.665984844357241590e-01
4.665992285924179805e-01
4.665999043288461268e-01
4.666005178060229630e-01
4.666010746523771568e-01
4.666015800060020480e-01
4.666020385542078985e-01
4.666024545704309801e-01
4.666028319485776010e-01
4.666031742348972222e-01
4.666034846574977357e-01
4.666037661536182601e-01
4.666040213947835191e-01
4.666042528099665354e-01
4.666044626068847068e-01
4.666046527915507780e-01
4.666048251862025542e-01
4.666049814457253198e-01
4.666051230726788179e-01
4.666052514310353172e-01
4.666053677587273518e-01
4.666054731791013377e-01
4.666055687113634942e-01
4.666056552801025048e-01
4.666057337239636338e-01
4.666058048035477968e-01
4.666058692085996440e-01
4.666059275645476623e-01
4.666059804384500853e-01
4.666060283444017909e-01
4.666060717484461495e-01
4.666061110730381212e-01
4.666061467010977903e-01
4.666061789796911996e-01
4.666062082233713992e-01
4.666062347172113545e-01
4.666062587195562994e-01
4.666062804645206841e-01
4.666063001642538066e-01
4.666063180109942810e-01
4.666063341789343233e-01
4.666063488259094005e-01
4.666063620949311153e-01
4.666063741155766498e-01
4.666063850052484807e-01
4.666063948703166875e-01
4.666064038071537357e-01
4.666064119030734481e-01
4.666064192371807140e-01
4.666064258811434273e-01
4.666064318998900950e-01
4.666064373522435527e-01
4.666064422914943388e-01
4.666064467659207793e-01
4.666064508192601101e-01
4.666064544911355805e-01
4.666064578174423660e-01
4.666064608306990658e-01
4.666064635603652255e-01
4.666064660331282754e-01
4.666064682731644875e-01
4.666064703023757310e-01
4.666064721406026905e-01
4.666064738058192662e-01
4.666064753143079336e-01
4.666064766808191155e-01
4.666064779187146794e-01
4.666064790400996642e-01
4.666064800559395209e-01
4.666064809761677479e-01
4.666064818097833133e-01
