4.928585800825974750e-01
4.928585881430577742e-01
4.928585921560973970e-01
4.928585926972418041e-01
4.928585903000823332e-01
4.928585854554643486e-01
4.928585786113924283e-01
4.928585701735392899e-01
4.928585605062588693e-01
4.928585499340109588e-01
4.928585387431139719e-01
4.928585271837497839e-01
4.928585154721549233e-01
4.928585037929375523e-01
4.928584923014695529e-01
4.928584811263077570e-01
4.928584703716082371e-01
4.928584601194997417e-01
4.928584504323900162e-01
4.928584413551840848e-01
4.928584329173975598e-01
4.928584251351525447e-01
4.928584180130460846e-01
4.928584115458845005e-01
4.928584057202843316e-01
4.928584005161334436e-01
4.928583959079184673e-01
4.928583918659187324e-01
4.928583883572712487e-01
4.928583853469133413e-01
4.928583827984077126e-01
4.928583806746588136e-01
4.928583789385240221e-01
4.928583775533331712e-01
4.928583764833176506e-01
4.928583756939621807e-01
4.928583751522828682e-01
4.928583748270423115e-01
4.928583746889055317e-01
4.928583747105465540e-01
4.928583748667099695e-01
4.928583751342353048e-01
4.928583754920479731e-01
4.928583759211235260e-01
4.928583764044284776e-01
4.928583769268443104e-01
4.928583774750759927e-01
4.928583780375494494e-01
4.928583786043031489e-01
4.928583791668715852e-01
4.928583797181698700e-01
4.928583802523742730e-01
4.928583807648057591e-01
4.928583812518158580e-01
4.928583817106749754e-01
4.928583821394673659e-01
4.928583825369902693e-01
4.928583829026585428e-01
4.928583832364166750e-01
4.928583835386567968e-01
4.928583838101434633e-01
4.928583840519443204e-01
4.928583842653694869e-01
4.928583844519138224e-01
4.928583846132091884e-01
4.928583847509795390e-01
4.928583848670033962e-01
4.928583849630806535e-01
4.928583850410043765e-01
4.928583851025374329e-01
4.928583851493928969e-01
4.928583851832176177e-01
4.928583852055817838e-01
4.928583852179669322e-01
4.928583852217607864e-01
4.928583852182526481e-01
4.928583852086308448e-01
4.928583851939825067e-01
4.928583851752934564e-01
4.928583851534520388e-01
4.928583851292505646e-01
4.928583851033905838e-01
4.928583850764864382e-01
4.928583850490712570e-01
4.928583850216016748e-01
4.928583849944642714e-01
4.928583849679800677e-01
4.928583849424113539e-01
4.928583849179667409e-01
4.928583848948068225e-01
4.928583848730496708e-01
4.928583848527754441e-01
4.928583848340311047e-01
4.928583848168358039e-01
4.928583848011840463e-01
4.928583847870501855e-01
4.928583847743910340e-01
4.928583847631513026e-01
4.928583847532631568e-01
4.928583847446517119e-01
