5.469923992700309601e-01
5.469923988320875008e-01
5.469923984344171597e-01
5.469923980733162328e-01
5.469923977454212993e-01
5.469923974476788020e-01
5.469923971773156257e-01
5.469923969318141177e-01
5.469923967088876626e-01
5.469923965064604765e-01
5.469923963226472896e-01
5.469923961557363601e-01
5.469923960041735977e-01
5.469923958665475761e-01
5.469923957415766536e-01
5.469923956280972055e-01
5.469923955250521885e-01
5.469923954314827030e-01
5.469923953465168909e-01
5.469923952693639402e-01
5.469923951993053146e-01
5.469923951356886471e-01
5.469923950779216337e-01
5.469923950254662603e-01
5.469923949778342509e-01
5.469923949345820713e-01
5.469923948953069326e-01
5.469923948596432384e-01
5.469923948272586989e-01
5.469923947978521106e-01
5.469923947711493595e-01
5.469923947469020886e-01
5.469923947248842566e-01
5.469923947048910273e-01
5.469923946867361053e-01
5.469923946702505146e-01
5.469923946552808225e-01
5.469923946416874738e-01
5.469923946293443473e-01
5.469923946181358687e-01
5.469923946079580102e-01
5.469923945987161806e-01
5.469923945903240048e-01
5.469923945827035450e-01
5.469923945757837469e-01
5.469923945695003287e-01
5.469923945637946705e-01
5.469923945586134817e-01
5.469923945539089116e-01
5.469923945496368844e-01
5.469923945457575432e-01
5.469923945422349165e-01
5.469923945390363640e-01
5.469923945361317985e-01
5.469923945334941306e-01
5.469923945310992686e-01
5.469923945289245637e-01
5.469923945269496990e-01
5.469923945251565778e-01
5.469923945235282137e-01
5.469923945220496186e-01
5.469923945207069149e-01
5.469923945194876680e-01
5.469923945183806646e-01
5.469923945173753577e-01
5.469923945164625323e-01
5.469923945156336398e-01
5.469923945148809086e-01
5.469923945141974553e-01
5.469923945135768406e-01
5.469923945130134024e-01
5.469923945125014786e-01
5.469923945120368503e-01
5.469923945116148545e-01
5.469923945112317165e-01
5.469923945108838836e-01
5.469923945105679142e-01
5.469923945102809215e-01
5.469923945100204632e-01
5.469923945097839857e-01
5.469923945095691575e-01
5.469923945093740913e-01
5.469923945091968998e-01
5.469923945090360284e-01
5.469923945088900341e-01
5.469923945087574735e-01
5.469923945086370143e-01
5.469923945085276573e-01
5.469923945084282924e-01
5.469923945083382533e-01
5.469923945082563188e-01
5.469923945081819339e-01
5.469923945081144323e-01
5.469923945080531480e-01
5.469923945079974148e-01
5.469923945079468997e-01
5.469923945079010474e-01
5.469923945078594141e-01
5.469923945078214444e-01
5.469923945077872496e-01
