5.472221462869564235e-01
5.486715876788358370e-01
5.523815586369339448e-01
5.571569148033781449e-01
5.612507272980861162e-01
5.640540228961351543e-01
5.656741509941061175e-01
5.664717417802821453e-01
5.668906465284699880e-01
5.672332886764984705e-01
5.676205204612528865e-01
5.680849793634491496e-01
5.686384245051597786e-01
5.693062328570456243e-01
5.701445696473339542e-01
5.712337574289462205e-01
5.726399169839856418e-01
5.743575806165284181e-01
5.762762643349459424e-01
5.782117547941095781e-01
5.799854547062618382e-01
5.814891323002587820e-01
5.826976479763944505e-01
5.836435065717564541e-01
5.843839616082383559e-01
5.849779785909277052e-01
5.854752414527135684e-01
5.859132407101765860e-01
5.863183087494919787e-01
5.867080168620821823e-01
5.870936880788963919e-01
5.874825479912498816e-01
5.878793938664792496e-01
5.882878075936038842e-01
5.887109887691351906e-01
5.891522948293658191e-01
5.896155670380367475e-01
5.901053026092726306e-01
5.906267076107525327e-01
5.911856336226452013e-01
5.917883636924261559e-01
5.924411725618797808e-01
5.931495549748418972e-01
5.939170298325290309e-01
5.947435577443362931e-01
5.956239360574993036e-01
5.965470182095142793e-01
5.974968399935962626e-01
5.984559743862288839e-01
5.994095887549661938e-01
6.003477717412628589e-01
6.012660101359629250e-01
6.021659865522011046e-01
6.030559218752706840e-01
6.039466912900782747e-01
6.048432614434249288e-01
6.057356599803188635e-01
6.065960223242075067e-01
6.073858643560106074e-01
6.080664967074324023e-01
6.085993540930320078e-01
6.089349580074189250e-01
6.089995903899549923e-01
6.086844661558850067e-01
6.078388943064521044e-01
6.062758920032894627e-01
6.037973011446410299e-01
6.002627424567650305e-01
5.958705211380056488e-01
5.914765228847216338e-01
5.879674993109823555e-01
5.855112757348454045e-01
5.838195301628879008e-01
5.826165284146841428e-01
5.817673895390441663e-01
5.812211992019755691e-01
5.809474151523351670e-01
5.809107188773680042e-01
5.810709021434052879e-01
5.813898753045232404e-01
5.818370938569568107e-01
5.823908839503980639e-01
5.830349610796996540e-01
5.837497686057724344e-01
5.844999196186820845e-01
5.852236099371920242e-01
5.858343474607073942e-01
5.862397752391788064e-01
5.863641574269911061e-01
5.861515003292356862e-01
5.855409984114504640e-01
5.844239202192429428e-01
5.825939742940507982e-01
5.797240010034995228e-01
5.755005309797275315e-01
5.700748746882156048e-01
5.644864300325316275e-01
5.602727393921933530e-01
5.581928773178183034e-01
5.571042937436492259e-01
