5.158969739083605344e-01
5.158970332718237906e-01
5.158970869541571469e-01
5.158971354990904423e-01
5.158971793983070375e-01
5.158972190964261628e-01
5.158972549955104236e-01
5.158972874591384317e-01
5.158973168160903011e-01
5.158973433636785400e-01
5.158973673707598628e-01
5.158973890804599005e-01
5.158974087126355634e-01
5.158974264661023712e-01
5.158974425206487302e-01
5.158974570388565883e-01
5.158974701677491170e-01
5.158974820402782990e-01
5.158974927766737384e-01
5.158975024856584657e-01
5.158975112655511674e-01
5.158975192052613901e-01
5.158975263851904858e-01
5.158975328780454062e-01
5.158975387495757792e-01
5.158975440592383777e-01
5.158975488608013027e-01
5.158975532028862165e-01
5.158975571294625029e-01
5.158975606802921332e-01
5.158975638913311235e-01
5.158975667950956856e-01
5.158975694209899654e-01
5.158975717956042484e-01
5.158975739429844110e-01
5.158975758848753923e-01
5.158975776409407965e-01
5.158975792289631768e-01
5.158975806650230034e-01
5.158975819636619775e-01
5.158975831380304689e-01
5.158975842000202983e-01
5.158975851603851970e-01
5.158975860288499415e-01
5.158975868142089416e-01
5.158975875244146136e-01
5.158975881666587604e-01
5.158975887474446242e-01
5.158975892726536117e-01
5.158975897476038019e-01
5.158975901771045702e-01
5.158975905655053262e-01
5.158975909167390350e-01
5.158975912343620740e-01
5.158975915215907593e-01
5.158975917813338752e-01
5.158975920162215401e-01
5.158975922286319626e-01
5.158975924207164221e-01
5.158975925944195851e-01
5.158975927515008220e-01
5.158975928935504163e-01
5.158975930220068840e-01
5.158975931381709623e-01
5.158975932432190437e-01
5.158975933382148327e-01
5.158975934241201156e-01
5.158975935018048631e-01
5.158975935720557793e-01
5.158975936355842951e-01
5.158975936930334516e-01
5.158975937449852278e-01
5.158975937919656474e-01
5.158975938344503298e-01
5.158975938728693755e-01
5.158975939076121398e-01
5.158975939390302301e-01
5.158975939674419475e-01
5.158975939931348398e-01
5.158975940163691432e-01
5.158975940373798919e-01
5.158975940563801377e-01
5.158975940735622823e-01
5.158975940891001866e-01
5.158975941031511692e-01
5.158975941158577827e-01
5.158975941273482579e-01
5.158975941377391683e-01
5.158975941471358739e-01
5.158975941556332989e-01
5.158975941633175966e-01
5.158975941702665935e-01
5.158975941765505668e-01
5.158975941822332434e-01
5.158975941873721327e-01
5.158975941920193042e-01
5.158975941962217204e-01
5.158975942000220138e-01
5.158975942034584872e-01
5.158975942065662235e-01
