5.827371723415083471e-01
5.827408579624302476e-01
5.827446223469453512e-01
5.827484734049880322e-01
5.827524196702352777e-01
5.827564703824492653e-01
5.827606355813861327e-01
5.827649262143442810e-01
5.827693542598423315e-01
5.827739328704247823e-01
5.827786765382372280e-01
5.827836012878027105e-01
5.827887249014255255e-01
5.827940671839084708e-01
5.827996502748523655e-01
5.828054990188358264e-01
5.828116414063702067e-01
5.828181091018770354e-01
5.828249380793023571e-01
5.828321693916900248e-01
5.828398501085904071e-01
5.828480344652287037e-01
5.828567852808623773e-01
5.828661757220767736e-01
5.828762915118713694e-01
5.828872337201513876e-01
5.828991223199554428e-01
5.829121007628416118e-01
5.829263419261803136e-01
5.829420559299264282e-01
5.829595005349074155e-01
5.829789951576100915e-01
5.830009400316904511e-01
5.830258428211315680e-01
5.830543562285258608e-01
5.830873321701834922e-01
5.831259015005193502e-01
5.831715941760211575e-01
5.832265253270821903e-01
5.832936923686489195e-01
5.833774664250751529e-01
5.834844390800369984e-01
5.836249532807914475e-01
5.838160352384518248e-01
5.840874190741430771e-01
5.844950685474485930e-01
5.851551094644752427e-01
5.863401142665767285e-01
5.887311408210309516e-01
5.932945618459899428e-01
6.005926936822677531e-01
6.086520860349282636e-01
6.075073320602322191e-01
6.062886654768725458e-01
6.061182248889832591e-01
6.061177399392491116e-01
6.061216308919670226e-01
6.061168046577189994e-01
6.061088282213594747e-01
6.061016709557176529e-01
6.060964418282981381e-01
6.060929466475667438e-01
6.060906896966280488e-01
6.060892390017635911e-01
6.060882957865855181e-01
6.060876712662901511e-01
6.060872499240498312e-01
6.060869610626495874e-01
6.060867605986113293e-01
6.060866202896758592e-01
6.060865215325795807e-01
6.060864517775039761e-01
6.060864024032961428e-01
6.060863674123136979e-01
6.060863425975708818e-01
6.060863249930591445e-01
6.060863125013695729e-01
6.060863036367716283e-01
6.060862973458346348e-01
6.060862928812715822e-01
6.060862897128369564e-01
6.060862874642455322e-01
6.060862858684561427e-01
6.060862847359523853e-01
6.060862839322354034e-01
6.060862833618529955e-01
6.060862829570641264e-01
6.060862826697938077e-01
6.060862824659241088e-01
6.060862823212418427e-01
6.060862822185639764e-01
6.060862821456957095e-01
6.060862820939825202e-01
6.060862820572829879e-01
6.060862820312378219e-01
6.060862820127542738e-01
6.060862819996368778e-01
6.060862819903277687e-01
6.060862819837211646e-01
6.060862819790326927e-01
