4.999399524592415545e-01
5.024308667853409904e-01
5.054597582417121870e-01
5.047691416912155615e-01
5.030233475516254771e-01
5.018105622452602166e-01
5.011569218025131445e-01
5.008749148079935098e-01
5.008470532898178229e-01
5.009582707965846149e-01
5.011230728316721228e-01
5.013055316572483378e-01
5.015055601821359899e-01
5.017426296602047753e-01
5.020434053975406652e-01
5.024271534442320553e-01
5.028783459386221288e-01
5.033239110817175899e-01
5.036638730945350861e-01
5.038375622931775544e-01
5.038447766565417041e-01
5.037187074938002107e-01
5.034999298176248139e-01
5.032268881396877447e-01
5.029329815349422583e-01
5.026446607194317018e-01
5.023833922378768690e-01
5.021689355927876353e-01
5.020179910799187351e-01
5.019408879629591036e-01
5.019417181158973840e-01
5.020216543541152765e-01
5.021813770267734567e-01
5.024187807005106032e-01
5.027200775222078200e-01
5.030485290031826429e-01
5.033457229112898723e-01
5.035547545222894827e-01
5.036458148941147517e-01
5.036203696990044776e-01
5.034989726509474517e-01
5.033092970185700787e-01
5.030798011587628293e-01
5.028365587967519312e-01
5.026019902116474203e-01
5.023955252190699383e-01
5.022340491879732083e-01
5.021306936607548010e-01
5.020937741119169129e-01
5.021274919218026156e-01
5.022332915063442149e-01
5.024092681395644355e-01
5.026456994471811823e-01
5.029180119919439695e-01
5.031845220384288941e-01
5.033973162336301543e-01
5.035212635028858408e-01
5.035447858213116801e-01
5.034765203033160219e-01
5.033362761914138561e-01
5.031479779900559501e-01
5.029356304314419601e-01
5.027211718357423864e-01
5.025239118257071036e-01
5.023606973678816923e-01
5.022454107653829825e-01
5.021880303607793028e-01
5.021944953574608572e-01
5.022673488187513469e-01
5.024055759621456341e-01
5.026019516123667596e-01
5.028381149182586940e-01
5.030816076017957661e-01
5.032914386348094071e-01
5.034320812235513198e-01
5.034854154152679229e-01
5.034522646568159177e-01
5.033464276978130147e-01
5.031880146597066394e-01
5.029989464060086179e-01
5.028003204611423138e-01
5.026112070668430354e-01
5.024484076761379647e-01
5.023261331589250478e-01
5.022552507597743965e-01
5.022428472777267228e-01
5.022924463431895914e-01
5.024039531839449291e-01
5.025719248413916818e-01
5.027818908935025588e-01
5.030073423980720992e-01
5.032125301225515157e-01
5.033629228013193346e-01
5.034367610969607831e-01
5.034293670834176782e-01
5.033497530747543802e-01
5.032147613376306561e-01
5.030443878208710196e-01
5.028588152873448847e-01
5.026768037814601797e-01
