4.581281621150209982e-01
4.581281621150211647e-01
4.581281621150209982e-01
4.581281621150209982e-01
4.581281621150209982e-01
4.581281621150209982e-01
4.581281621150209982e-01
4.581281621150209982e-01
4.581281621150209982e-01
4.581281621150209982e-01
4.581281621150209982e-01
4.581281621150209982e-01
4.581281621150209982e-01
4.581281621150209982e-01
4.581281621150210537e-01
4.581281621150210537e-01
4.581281621150209982e-01
4.581281621150209982e-01
4.581281621150209982e-01
4.581281621150210537e-01
4.581281621150209982e-01
4.581281621150210537e-01
4.581281621150209982e-01
4.581281621150209427e-01
4.581281621150209982e-01
4.581281621150209982e-01
4.581281621150209982e-01
4.581281621150209982e-01
4.581281621150209982e-01
4.581281621150209982e-01
4.581281621150209982e-01
4.581281621150209982e-01
4.581281621150210537e-01
4.581281621150209982e-01
4.581281621150209982e-01
4.581281621150209982e-01
4.581281621150209982e-01
4.581281621150209982e-01
4.581281621150210537e-01
4.581281621150209982e-01
4.581281621150209982e-01
4.581281621150209982e-01
4.581281621150209982e-01
4.581281621150209982e-01
4.581281621150210537e-01
4.581281621150209982e-01
4.581281621150209982e-01
4.581281621150209982e-01
4.581281621150209982e-01
4.581281621150209982e-01
4.581281621150210537e-01
4.581281621150209982e-01
4.581281621150209982e-01
4.581281621150210537e-01
4.581281621150209982e-01
4.581281621150209982e-01
4.581281621150209982e-01
4.581281621150210537e-01
4.581281621150209982e-01
4.581281621150209982e-01
4.581281621150209982e-01
4.581281621150209982e-01
4.581281621150209982e-01
4.581281621150210537e-01
4.581281621150210537e-01
4.581281621150209982e-01
4.581281621150209982e-01
4.581281621150209982e-01
4.581281621150209982e-01
4.581281621150209982e-01
4.581281621150209982e-01
4.581281621150209982e-01
4.581281621150209982e-01
4.581281621150209982e-01
4.581281621150209982e-01
4.581281621150209982e-01
4.581281621150209982e-01
4.581281621150209982e-01
4.581281621150209982e-01
4.581281621150209982e-01
4.581281621150209982e-01
4.581281621150209982e-01
4.581281621150209982e-01
4.581281621150209982e-01
4.581281621150209982e-01
4.581281621150209982e-01
4.581281621150209982e-01
4.581281621150209982e-01
4.581281621150209982e-01
4.581281621150209982e-01
4.581281621150209982e-01
4.581281621150209982e-01
4.581281621150209982e-01
4.581281621150209982e-01
4.581281621150210537e-01
4.581281621150210537e-01
4.581281621150210537e-01
4.581281621150210537e-01
4.581281621150210537e-01
4.581281621150210537e-01
