5.904858818445323232e-01
5.905174881685714139e-01
5.904645460350005370e-01
5.903179535058823424e-01
5.900643492680426316e-01
5.896843036083825318e-01
5.891489426273975871e-01
5.884143155736801800e-01
5.874166230051928173e-01
5.860821136937697240e-01
5.843733456602073773e-01
5.823685371266250632e-01
5.803019907654315412e-01
5.784771414875902185e-01
5.771085656119637752e-01
5.762432950190641279e-01
5.757988900462243098e-01
5.756455852245004889e-01
5.756658942775574328e-01
5.757763291634707681e-01
5.759254287780565251e-01
5.760842365104935636e-01
5.762375307190453766e-01
5.763779238949506833e-01
5.765023859905586967e-01
5.766102910720344310e-01
5.767023155814358093e-01
5.767798003233309823e-01
5.768443728665969550e-01
5.768977241822047519e-01
5.769414806531795170e-01
5.769771361137095989e-01
5.770060214110477315e-01
5.770292968004626655e-01
5.770479575978001430e-01
5.770628469457120824e-01
5.770746718437976819e-01
5.770840201034833639e-01
5.770913768654676312e-01
5.770971399383568734e-01
5.771016336045100559e-01
5.771051207755871770e-01
5.771078135201719306e-01
5.771098820643179028e-01
5.771114624056563613e-01
5.771126626974156792e-01
5.771135685597669207e-01
5.771142474683998991e-01
5.771147523580734129e-01
5.771151245645750327e-01
5.771153962136505999e-01
5.771155921509896203e-01
5.771157314938270000e-01
5.771158288724564933e-01
5.771158954190417356e-01
5.771159395515740309e-01
5.771159675926000876e-01
5.771159842553239550e-01
5.771159930237527158e-01
5.771159964485806926e-01
5.771159963763730083e-01
5.771159941261877480e-01
5.771159906249683225e-01
5.771159865107450271e-01
5.771159822108240522e-01
5.771159780006342999e-01
5.771159740476972111e-01
5.771159704442129224e-01
5.771159672309894573e-01
5.771159644148247114e-01
5.771159619809768104e-01
5.771159599019726194e-01
5.771159581437101949e-01
5.771159566695824861e-01
5.771159554431712913e-01
5.771159544299158117e-01
5.771159535980667776e-01
5.771159529191470794e-01
5.771159523680811088e-01
5.771159519231147117e-01
5.771159515656053562e-01
5.771159512797428004e-01
5.771159510522394509e-01
5.771159508720167253e-01
5.771159507299034042e-01
5.771159506183565213e-01
5.771159505312095650e-01
5.771159504634494342e-01
5.771159504110222604e-01
5.771159503706658755e-01
5.771159503397685908e-01
5.771159503162490712e-01
5.771159502984561929e-01
5.771159502850859990e-01
5.771159502751139758e-01
5.771159502677383202e-01
5.771159502623350868e-01
5.771159502584204404e-01
5.771159502556214571e-01
5.771159502536522545e-01
