5.343720675919589880e-01
5.343720676433406647e-01
5.343720676885359566e-01
5.343720677282908227e-01
5.343720677632604055e-01
5.343720677940215769e-01
5.343720678210812647e-01
5.343720678448846684e-01
5.343720678658244738e-01
5.343720678842449612e-01
5.343720679004495544e-01
5.343720679147049291e-01
5.343720679272453422e-01
5.343720679382776284e-01
5.343720679479829760e-01
5.343720679565210352e-01
5.343720679640322491e-01
5.343720679706400745e-01
5.343720679764533132e-01
5.343720679815675556e-01
5.343720679860665124e-01
5.343720679900246795e-01
5.343720679935067830e-01
5.343720679965701104e-01
5.343720679992650657e-01
5.343720680016360580e-01
5.343720680037218340e-01
5.343720680055566996e-01
5.343720680071712970e-01
5.343720680085914942e-01
5.343720680098409392e-01
5.343720680109401711e-01
5.343720680119071753e-01
5.343720680127579392e-01
5.343720680135064516e-01
5.343720680141648138e-01
5.343720680147440172e-01
5.343720680152538316e-01
5.343720680157021397e-01
5.343720680160966019e-01
5.343720680164436576e-01
5.343720680167488579e-01
5.343720680170175319e-01
5.343720680172537874e-01
5.343720680174616211e-01
5.343720680176445859e-01
5.343720680178053462e-01
5.343720680179468996e-01
5.343720680180714666e-01
5.343720680181810456e-01
5.343720680182774130e-01
5.343720680183622340e-01
5.343720680184368410e-01
5.343720680185024552e-01
5.343720680185600758e-01
5.343720680186109240e-01
5.343720680186556660e-01
5.343720680186949679e-01
5.343720680187296068e-01
5.343720680187599159e-01
5.343720680187867833e-01
5.343720680188102090e-01
5.343720680188309702e-01
5.343720680188491778e-01
5.343720680188653871e-01
5.343720680188793759e-01
5.343720680188918104e-01
5.343720680189025796e-01
5.343720680189122385e-01
5.343720680189207872e-01
5.343720680189281147e-01
5.343720680189347760e-01
5.343720680189404382e-01
5.343720680189456562e-01
5.343720680189499861e-01
5.343720680189539829e-01
5.343720680189574246e-01
5.343720680189604222e-01
5.343720680189630867e-01
5.343720680189654182e-01
5.343720680189674166e-01
5.343720680189693040e-01
5.343720680189708583e-01
5.343720680189723016e-01
5.343720680189735228e-01
5.343720680189745220e-01
5.343720680189755212e-01
5.343720680189762984e-01
5.343720680189771866e-01
5.343720680189777417e-01
5.343720680189785188e-01
5.343720680189788519e-01
5.343720680189792960e-01
5.343720680189797401e-01
5.343720680189799621e-01
5.343720680189804062e-01
5.343720680189806282e-01
5.343720680189808503e-01
5.343720680189810723e-01
5.343720680189812944e-01
