4.435683598264835714e-01
4.435683598264835714e-01
4.435683598264835714e-01
4.435683598264836269e-01
4.435683598264836269e-01
4.435683598264836269e-01
4.435683598264836269e-01
4.435683598264836269e-01
4.435683598264836269e-01
4.435683598264836269e-01
4.435683598264836269e-01
4.435683598264836269e-01
4.435683598264836269e-01
4.435683598264836269e-01
4.435683598264836269e-01
4.435683598264836269e-01
4.435683598264836269e-01
4.435683598264836269e-01
4.435683598264835714e-01
4.435683598264836269e-01
4.435683598264836269e-01
4.435683598264836269e-01
4.435683598264836269e-01
4.435683598264836269e-01
4.435683598264836269e-01
4.435683598264836269e-01
4.435683598264836269e-01
4.435683598264836269e-01
4.435683598264836269e-01
4.435683598264836269e-01
4.435683598264836269e-01
4.435683598264836269e-01
4.435683598264836269e-01
4.435683598264836269e-01
4.435683598264836269e-01
4.435683598264836269e-01
4.435683598264835714e-01
4.435683598264836269e-01
4.435683598264836269e-01
4.435683598264836269e-01
4.435683598264836269e-01
4.435683598264836269e-01
4.435683598264836269e-01
4.435683598264836269e-01
4.435683598264836269e-01
4.435683598264836269e-01
4.435683598264836269e-01
4.435683598264836269e-01
4.435683598264836269e-01
4.435683598264836269e-01
4.435683598264836269e-01
4.435683598264836269e-01
4.435683598264836269e-01
4.435683598264836269e-01
4.435683598264836269e-01
4.435683598264836824e-01
4.435683598264836269e-01
4.435683598264836269e-01
4.435683598264836269e-01
4.435683598264836269e-01
4.435683598264836269e-01
4.435683598264836269e-01
4.435683598264836269e-01
4.435683598264836269e-01
4.435683598264836269e-01
4.435683598264836269e-01
4.435683598264836269e-01
4.435683598264836269e-01
4.435683598264836269e-01
4.435683598264836269e-01
4.435683598264836269e-01
4.435683598264836269e-01
4.435683598264836269e-01
4.435683598264836269e-01
4.435683598264836269e-01
4.435683598264836269e-01
4.435683598264836269e-01
4.435683598264836269e-01
4.435683598264836269e-01
4.435683598264836269e-01
4.435683598264836269e-01
4.435683598264836269e-01
4.435683598264836269e-01
4.435683598264836269e-01
4.435683598264836269e-01
4.435683598264836269e-01
4.435683598264836269e-01
4.435683598264836269e-01
4.435683598264836269e-01
4.435683598264836269e-01
4.435683598264836269e-01
4.435683598264836269e-01
4.435683598264836269e-01
4.435683598264836269e-01
4.435683598264836269e-01
4.435683598264835714e-01
4.435683598264836269e-01
4.435683598264836269e-01
4.435683598264836269e-01
4.435683598264836269e-01
