6.155980392388098188e-02
6.155983214377121204e-02
6.155985132279047367e-02
6.155986401118996448e-02
6.155987211848761020e-02
6.155987705403069554e-02
6.155987984303145505e-02
6.155988121977042787e-02
6.155988170108626228e-02
6.155988164352377973e-02
6.155988128721880115e-02
6.155988078915534262e-02
6.155988024800858327e-02
6.155987972241712403e-02
6.155987924420404378e-02
6.155987882778007902e-02
6.155987847670767177e-02
6.155987818818744323e-02
6.155987795604781626e-02
6.155987777267442340e-02
6.155987763020091125e-02
6.155987752119757711e-02
6.155987743902665427e-02
6.155987737798327558e-02
6.155987733330665207e-02
6.155987730111690814e-02
6.155987727831450235e-02
6.155987726246664460e-02
6.155987725169416447e-02
6.155987724456733062e-02
6.155987724001422967e-02
6.155987723724305055e-02
6.155987723567751119e-02
6.155987723490492086e-02
6.155987723463501177e-02
6.155987723466757600e-02
6.155987723486788105e-02
6.155987723514769888e-02
6.155987723545174040e-02
6.155987723574700421e-02
6.155987723601565043e-02
6.155987723624956054e-02
6.155987723644673615e-02
6.155987723660880789e-02
6.155987723673920359e-02
6.155987723684224616e-02
6.155987723692227243e-02
6.155987723698345265e-02
6.155987723702956160e-02
6.155987723706379117e-02
6.155987723708891690e-02
6.155987723710697884e-02
6.155987723711980192e-02
6.155987723712869064e-02
6.155987723713474830e-02
6.155987723713872428e-02
6.155987723714135412e-02
6.155987723714288762e-02
6.155987723714372029e-02
6.155987723714417131e-02
6.155987723714425458e-02
6.155987723714419907e-02
6.155987723714411580e-02
6.155987723714398396e-02
6.155987723714383131e-02
6.155987723714365090e-02
6.155987723714346355e-02
6.155987723714333171e-02
6.155987723714322762e-02
6.155987723714320681e-02
6.155987723714316517e-02
6.155987723714307497e-02
6.155987723714297782e-02
6.155987723714294313e-02
6.155987723714289456e-02
6.155987723714290150e-02
6.155987723714288762e-02
6.155987723714288068e-02
6.155987723714286680e-02
6.155987723714288068e-02
6.155987723714286680e-02
6.155987723714282517e-02
6.155987723714283905e-02
6.155987723714285986e-02
6.155987723714285292e-02
6.155987723714285292e-02
6.155987723714283905e-02
6.155987723714283211e-02
6.155987723714283211e-02
6.155987723714283905e-02
6.155987723714283211e-02
6.155987723714282517e-02
6.155987723714283211e-02
6.155987723714283211e-02
6.155987723714285292e-02
6.155987723714281129e-02
6.155987723714281129e-02
6.155987723714281129e-02
6.155987723714278353e-02
6.155987723714279741e-02
