1.975982781523316911e-01
1.972033578581553759e-01
1.981010765637947757e-01
1.987580625696990511e-01
1.993001932620778183e-01
2.001187524579019494e-01
2.002928119824178288e-01
1.992219394995170534e-01
1.976695061572805168e-01
1.971813343148867137e-01
1.980379433235979758e-01
1.987328210097744907e-01
1.992551994129960202e-01
2.000756687199887196e-01
2.003172019520259861e-01
1.993168746626031163e-01
1.977454813630809549e-01
1.971653343570157757e-01
1.979733051476653127e-01
1.987074334333923942e-01
1.992123349843247238e-01
2.000305842317846028e-01
2.003365222626150299e-01
1.994086512771626185e-01
1.978251761477793913e-01
1.971555050396219255e-01
1.979081835889155150e-01
1.986815984440963301e-01
1.991717344224084307e-01
1.999840350815197121e-01
2.003508420003455026e-01
1.994965780730268701e-01
1.979078832336798877e-01
1.971518578339572503e-01
1.978434403755454929e-01
1.986550834839281299e-01
1.991335537540983025e-01
1.999366233456144060e-01
2.003603469532026504e-01
1.995800510985532294e-01
1.979927491612426260e-01
1.971541609989844457e-01
1.977798627754172867e-01
1.986275839746295402e-01
1.990976967232106487e-01
1.998887583041965010e-01
2.003653085841416992e-01
1.996588387156441047e-01
1.980791792385249717e-01
1.971621077061995742e-01
1.977180084231386636e-01
1.985988077959132958e-01
1.990639911032623111e-01
1.998407348694838659e-01
2.003660240103068146e-01
1.997329216301679533e-01
1.981667376319194429e-01
1.971753488996773329e-01
1.976582476114448761e-01
1.985684504542939710e-01
1.990321645532602823e-01
1.997926854696362720e-01
2.003627613044247635e-01
1.998024811949232482e-01
1.982552338568716876e-01
1.971935983573560591e-01
1.976007754219947510e-01
1.985362063379016162e-01
1.990019244145304345e-01
1.997446383132743808e-01
2.003557274729785842e-01
1.998677876314318702e-01
1.983446493481155481e-01
1.972166624157414005e-01
1.975456819948276099e-01
1.985017600787926662e-01
1.989729736280402839e-01
1.996965422216953889e-01
2.003450487805849278e-01
1.999291373916402270e-01
1.984351032367786261e-01
1.972444714219651063e-01
1.974930117946807617e-01
1.984647876493260688e-01
1.989450420572718981e-01
1.996483167227943167e-01
2.003307716622446943e-01
1.999867856140922773e-01
1.985267761772477879e-01
1.972770732594823773e-01
1.974428260711439675e-01
1.984249626252069520e-01
1.989178949905207605e-01
1.995998884095700199e-01
2.003128741280578440e-01
2.000409049418171159e-01
1.986198472232734713e-01
1.973146182330841603e-01
1.973952518467148587e-01
1.983819735639860415e-01
