3.013134799136536479e-01
3.013134838965654261e-01
3.013134881688565025e-01
3.013134924360071909e-01
3.013134964760207368e-01
3.013135001332464258e-01
3.013135033102467553e-01
3.013135059586136144e-01
3.013135080694733792e-01
3.013135096642515776e-01
3.013135107861190654e-01
3.013135114923982116e-01
3.013135118480923524e-01
3.013135119206001855e-01
3.013135117756018388e-01
3.013135114740442266e-01
3.013135110701133934e-01
3.013135106100580662e-01
3.013135101317173659e-01
3.013135096646040734e-01
3.013135092304031204e-01
3.013135088437575160e-01
3.013135085132300217e-01
3.013135082423462618e-01
3.013135080306467151e-01
3.013135078746878581e-01
3.013135077689546582e-01
3.013135077066573242e-01
3.013135076803992174e-01
3.013135076827125336e-01
3.013135077064669765e-01
3.013135077451596366e-01
3.013135077931011208e-01
3.013135078455143057e-01
3.013135078985598736e-01
3.013135079493072799e-01
3.013135079956653084e-01
3.013135080362853158e-01
3.013135080704497093e-01
3.013135080979548186e-01
3.013135081189953213e-01
3.013135081340562182e-01
3.013135081438164664e-01
3.013135081490658784e-01
3.013135081506365109e-01
3.013135081493485412e-01
3.013135081459708542e-01
3.013135081411927874e-01
3.013135081356078104e-01
3.013135081297059759e-01
3.013135081238740853e-01
3.013135081183999087e-01
3.013135081134820648e-01
3.013135081092415124e-01
3.013135081057338738e-01
3.013135081029629236e-01
3.013135081008927463e-01
3.013135080994600035e-01
3.013135080985830938e-01
3.013135080981715341e-01
3.013135080981327318e-01
3.013135080983773140e-01
3.013135080988229020e-01
3.013135080993967763e-01
3.013135081000375970e-01
3.013135081006953486e-01
3.013135081013315064e-01
3.013135081019180372e-01
3.013135081024364559e-01
3.013135081028763262e-01
3.013135081032339291e-01
3.013135081035107077e-01
3.013135081037119911e-01
3.013135081038457730e-01
3.013135081039217122e-01
3.013135081039499674e-01
3.013135081039406971e-01
3.013135081039036711e-01
3.013135081038475493e-01
3.013135081037800478e-01
3.013135081037075502e-01
3.013135081036348306e-01
3.013135081035659968e-01
3.013135081035036023e-01
3.013135081034492568e-01
3.013135081034039597e-01
3.013135081033677665e-01
3.013135081033403995e-01
3.013135081033210261e-01
3.013135081033088691e-01
3.013135081033025964e-01
3.013135081033013196e-01
3.013135081033035956e-01
3.013135081033086471e-01
3.013135081033155305e-01
3.013135081033233575e-01
3.013135081033314622e-01
3.013135081033394558e-01
3.013135081033468388e-01
3.013135081033534446e-01
