3.978132353271052746e-01
3.978255151243758059e-01
3.978366914362809759e-01
3.978460754189552251e-01
3.978529901812516978e-01
3.978568269834173443e-01
3.978571187390027575e-01
3.978536211365810149e-01
3.978463863870391193e-01
3.978358116119488086e-01
3.978226450915587908e-01
3.978079400260737808e-01
3.977929564207973723e-01
3.977790243820455984e-01
3.977673923408721612e-01
3.977590876935516717e-01
3.977548134679826930e-01
3.977548943934404724e-01
3.977592730512442554e-01
3.977675460306628885e-01
3.977790242846956925e-01
3.977928019893576805e-01
3.978078229358734674e-01
3.978229404752604559e-01
3.978369737592284405e-01
3.978487673973032934e-01
3.978572623208482262e-01
3.978615821037375655e-01
3.978611317312699680e-01
3.978556965201466844e-01
3.978455204790095623e-01
3.978313395078436621e-01
3.978143486343654889e-01
3.977960949306337812e-01
3.977783061993825919e-01
3.977626838866449299e-01
3.977506997481378148e-01
3.977434347705675610e-01
3.977414860057531532e-01
3.977449475988333316e-01
3.977534538645430273e-01
3.977662608460994509e-01
3.977823407604642036e-01
3.978004697717608673e-01
3.978193001312662624e-01
3.978374189290421192e-01
3.978534042515199376e-01
3.978658932124201630e-01
3.978736739420302149e-01
3.978758051062584733e-01
3.978717532572970672e-01
3.978615235715469711e-01
3.978457484874017291e-01
3.978256973346557812e-01
3.978031823227165531e-01
3.977803613142353312e-01
3.977594681738367277e-01
3.977425252056731586e-01
3.977310986158409389e-01
3.977261437957043122e-01
3.977279587620147216e-01
3.977362334418729217e-01
3.977501610437957358e-01
3.977685710979839140e-01
3.977900507841026223e-01
3.978130365931574763e-01
3.978358759669870515e-01
3.978568732970281796e-01
3.978743432539855740e-01
3.978866949510379003e-01
3.978925620552151710e-01
3.978909771582603838e-01
3.978815663433656891e-01
3.978647180897582070e-01
3.978416685817628973e-01
3.978144523629105200e-01
3.977856970125923652e-01
3.977582865179183913e-01
3.977349628719414332e-01
3.977179585088432834e-01
3.977087416349998072e-01
3.977079171228622423e-01
3.977152759371984092e-01
3.977299469500192308e-01
3.977505887649526728e-01
3.977755660121747860e-01
3.978030764154011356e-01
3.978312216540299540e-01
3.978580387325872936e-01
3.978815245434234038e-01
3.978996920940786608e-01
3.979106909356274202e-01
3.979130058666575653e-01
3.979057182250913538e-01
3.978887785979543512e-01
3.978632101776087282e-01
3.978311542233881615e-01
3.977956963827174452e-01
3.977604747345642733e-01
3.977291466502612116e-01
