4.620455193890947165e-01
4.620454756279183117e-01
4.620454354067499714e-01
4.620453984392112745e-01
4.620453644620931000e-01
4.620453332334809593e-01
4.620453045310319307e-01
4.620452781503910367e-01
4.620452539037357975e-01
4.620452316184388009e-01
4.620452111358374081e-01
4.620451923101050462e-01
4.620451750072120389e-01
4.620451591039711481e-01
4.620451444871607194e-01
4.620451310527181055e-01
4.620451187049988695e-01
4.620451073560958299e-01
4.620450969252126727e-01
4.620450873380894663e-01
4.620450785264731408e-01
4.620450704276319320e-01
4.620450629839085721e-01
4.620450561423098956e-01
4.620450498541296414e-01
4.620450440746010079e-01
4.620450387625790745e-01
4.620450338802467583e-01
4.620450293928465291e-01
4.620450252684318304e-01
4.620450214776408160e-01
4.620450179934865176e-01
4.620450147911649430e-01
4.620450118478787171e-01
4.620450091426744343e-01
4.620450066562934444e-01
4.620450043710352950e-01
4.620450022706312221e-01
4.620450003401281869e-01
4.620449985657831271e-01
4.620449969349641473e-01
4.620449954360616451e-01
4.620449940584049342e-01
4.620449927921863043e-01
4.620449916283917990e-01
4.620449905587361017e-01
4.620449895756044700e-01
4.620449886719981136e-01
4.620449878414840117e-01
4.620449870781498380e-01
4.620449863765615506e-01
4.620449857317245335e-01
4.620449851390479590e-01
4.620449845943128686e-01
4.620449840936410868e-01
4.620449836334684646e-01
4.620449832105190668e-01
4.620449828217818022e-01
4.620449824644892733e-01
4.620449821360980147e-01
4.620449818342703407e-01
4.620449815568571927e-01
4.620449813018838725e-01
4.620449810675352209e-01
4.620449808521431279e-01
4.620449806541738202e-01
4.620449804722181475e-01
4.620449803049809234e-01
4.620449801512713228e-01
4.620449800099953319e-01
4.620449798801469776e-01
4.620449797608020548e-01
4.620449796511107432e-01
4.620449795502924450e-01
4.620449794576293456e-01
4.620449793724616394e-01
4.620449792941832001e-01
4.620449792222365293e-01
4.620449791561098141e-01
4.620449790953317648e-01
4.620449790394701162e-01
4.620449789881271863e-01
4.620449789409373786e-01
4.620449788975646288e-01
4.620449788577002392e-01
4.620449788210606035e-01
4.620449787873846526e-01
4.620449787564328559e-01
4.620449787279846121e-01
4.620449787018374721e-01
4.620449786778056400e-01
4.620449786557174754e-01
4.620449786354159372e-01
4.620449786167568074e-01
4.620449785996069147e-01
4.620449785838442458e-01
4.620449785693566680e-01
4.620449785560409306e-01
4.620449785438023316e-01
4.620449785325537184e-01
