2.792321351774659441e-02
3.082492769724896539e-02
3.159327447223672647e-02
2.880713401767663606e-02
3.356536252358455208e-02
3.158867534490891749e-02
2.816981486464650158e-02
2.936548104422394279e-02
2.726245380223001058e-02
2.606734924093263850e-02
2.787359530780005035e-02
2.999180683339411346e-02
3.166670790538057140e-02
3.144507696531988888e-02
3.183719528577143298e-02
3.214742286184597148e-02
3.094980568081858938e-02
2.753414830620042053e-02
2.858826520533930618e-02
2.766567499768056437e-02
2.840269112272373123e-02
2.985169703368866639e-02
3.034958406764525635e-02
2.799853843220061894e-02
3.372406317492468442e-02
3.114411336885154757e-02
2.735765600592190636e-02
2.782728212526519931e-02
2.743535269744711708e-02
2.810429479958708940e-02
2.950944779877892263e-02
3.185889831206829836e-02
2.645643645260835342e-02
2.953185379911562464e-02
2.972632072432139852e-02
2.975265522020046488e-02
2.809973500436591456e-02
2.828214301711676204e-02
2.788751061333857514e-02
2.893219032758456363e-02
3.091872103474120961e-02
2.736241442146022246e-02
3.041053295502146175e-02
2.939761808869259183e-02
2.861880034041661483e-02
2.893870771063906944e-02
2.850001977266140157e-02
2.941618838307740250e-02
3.134641941143870292e-02
2.823275408165192013e-02
2.943606931883330224e-02
2.888342151614566033e-02
2.871574752260964286e-02
2.917871983140797251e-02
2.786165342115462518e-02
2.732489375496013201e-02
2.861005868800750931e-02
3.122637577046815868e-02
3.146957975064372526e-02
2.868456125732226497e-02
3.359159869643522228e-02
3.150156140396617038e-02
2.792478415362655356e-02
2.921767946645727199e-02
2.703749705639079889e-02
2.598152150228176527e-02
2.799421450003679313e-02
3.009825654038526810e-02
3.117545585929517790e-02
3.179020743665574716e-02
3.189196262574880980e-02
3.239931131518841018e-02
3.337749957231256337e-02
3.206143660532988909e-02
2.986819009227466987e-02
2.896403374365882563e-02
2.930996968572490563e-02
2.942613280830871231e-02
2.838397769221153930e-02
2.878530616087479968e-02
2.787464225875641022e-02
2.878654303394697841e-02
2.801362115944944914e-02
2.864922619352050157e-02
3.173331430844426870e-02
3.150660654135852001e-02
2.854960846304346184e-02
3.138730762201625418e-02
2.845734621895920982e-02
3.365777686134156094e-02
3.055309818658842949e-02
2.904549135456302791e-02
2.842963316199362614e-02
3.014285096486583188e-02
3.080672302994599474e-02
2.801077807782681797e-02
3.307096588164429307e-02
3.179937872202877325e-02
2.700677313875684410e-02
2.558452540809271966e-02
