2.846615333282207505e-01
2.846615332835803480e-01
2.846615332442146151e-01
2.846615332095005502e-01
2.846615331788884817e-01
2.846615331518936309e-01
2.846615331280885064e-01
2.846615331070964094e-01
2.846615330885847728e-01
2.846615330722604975e-01
2.846615330578652348e-01
2.846615330451709447e-01
2.846615330339766770e-01
2.846615330241051289e-01
2.846615330154000367e-01
2.846615330077236217e-01
2.846615330009542588e-01
2.846615329949848672e-01
2.846615329897206892e-01
2.846615329850786247e-01
2.846615329809850659e-01
2.846615329773752867e-01
2.846615329741919442e-01
2.846615329713848563e-01
2.846615329689093921e-01
2.846615329667264715e-01
2.846615329648014003e-01
2.846615329631039248e-01
2.846615329616070111e-01
2.846615329602870115e-01
2.846615329591229426e-01
2.846615329580964859e-01
2.846615329571912101e-01
2.846615329563929597e-01
2.846615329556890783e-01
2.846615329550682971e-01
2.846615329545209017e-01
2.846615329540382322e-01
2.846615329536125727e-01
2.846615329532372063e-01
2.846615329529061378e-01
2.846615329526143157e-01
2.846615329523568549e-01
2.846615329521298143e-01
2.846615329519295856e-01
2.846615329517530601e-01
2.846615329515974624e-01
2.846615329514601278e-01
2.846615329513391135e-01
2.846615329512323656e-01
2.846615329511382186e-01
2.846615329510552295e-01
2.846615329509820658e-01
2.846615329509175063e-01
2.846615329508604963e-01
2.846615329508103143e-01
2.846615329507661274e-01
2.846615329507270475e-01
2.846615329506925751e-01
2.846615329506622105e-01
2.846615329506354541e-01
2.846615329506118619e-01
2.846615329505911007e-01
2.846615329505726710e-01
2.846615329505565173e-01
2.846615329505421954e-01
2.846615329505296499e-01
2.846615329505185477e-01
2.846615329505087777e-01
2.846615329505001735e-01
2.846615329504925684e-01
2.846615329504858516e-01
2.846615329504800229e-01
2.846615329504746938e-01
2.846615329504700864e-01
2.846615329504660341e-01
2.846615329504624259e-01
2.846615329504593173e-01
2.846615329504564862e-01
2.846615329504540437e-01
2.846615329504518233e-01
2.846615329504499914e-01
2.846615329504483261e-01
2.846615329504468828e-01
2.846615329504455505e-01
2.846615329504443848e-01
2.846615329504433300e-01
2.846615329504424419e-01
2.846615329504415537e-01
2.846615329504408320e-01
2.846615329504402769e-01
2.846615329504396108e-01
2.846615329504391667e-01
2.846615329504387226e-01
2.846615329504384451e-01
2.846615329504381120e-01
2.846615329504377789e-01
2.846615329504375569e-01
2.846615329504373904e-01
2.846615329504372238e-01
