4.552008346060907318e-01
4.552012201906946443e-01
4.552015470461240887e-01
4.552018241949690736e-01
4.552020592535829802e-01
4.552022586562018414e-01
4.552024278422589498e-01
4.552025714131260337e-01
4.552026932634403722e-01
4.552027966912919887e-01
4.552028844907990424e-01
4.552029590299921935e-01
4.552030223164210132e-01
4.552030760524823916e-01
4.552031216821290638e-01
4.552031604303370393e-01
4.552031933364817373e-01
4.552032212825805613e-01
4.552032450172057154e-01
4.552032651757397796e-01
4.552032822975406456e-01
4.552032968404908231e-01
4.552033091933342379e-01
4.552033196861383635e-01
4.552033285991675671e-01
4.552033361704116987e-01
4.552033426019731488e-01
4.552033480654864017e-01
4.552033527067181895e-01
4.552033566494700922e-01
4.552033599988933865e-01
4.552033628443002966e-01
4.552033652615530834e-01
4.552033673150905346e-01
4.552033690596495874e-01
4.552033705417271037e-01
4.552033718008207663e-01
4.552033728704834581e-01
4.552033737792181012e-01
4.552033745512381602e-01
4.552033752071134032e-01
4.552033757643181300e-01
4.552033762376973547e-01
4.552033766398626558e-01
4.552033769815275188e-01
4.552033772717938298e-01
4.552033775183942921e-01
4.552033777278978177e-01
4.552033779058851648e-01
4.552033780570976518e-01
4.552033781855630568e-01
4.552033782947033091e-01
4.552033783874255835e-01
4.552033784661996818e-01
4.552033785331237037e-01
4.552033785899806118e-01
4.552033786382845837e-01
4.552033786793222570e-01
4.552033787141867016e-01
4.552033787438064527e-01
4.552033787689706013e-01
4.552033787903495554e-01
4.552033788085124155e-01
4.552033788239430723e-01
4.552033788370525302e-01
4.552033788481899546e-01
4.552033788576519968e-01
4.552033788656907887e-01
4.552033788725203256e-01
4.552033788783224066e-01
4.552033788832517969e-01
4.552033788874396136e-01
4.552033788909974343e-01
4.552033788940202941e-01
4.552033788965881844e-01
4.552033788987698837e-01
4.552033789006234010e-01
4.552033789021980303e-01
4.552033789035359046e-01
4.552033789046724954e-01
4.552033789056380564e-01
4.552033789064584002e-01
4.552033789071553982e-01
4.552033789077474246e-01
4.552033789082505777e-01
4.552033789086779025e-01
4.552033789090410010e-01
4.552033789093494209e-01
4.552033789096115446e-01
4.552033789098341998e-01
4.552033789100233818e-01
4.552033789101839756e-01
4.552033789103205330e-01
4.552033789104364958e-01
4.552033789105350281e-01
4.552033789106186834e-01
4.552033789106899042e-01
4.552033789107503559e-01
4.552033789108015371e-01
4.552033789108452244e-01
