5.430222244426530231e-02
4.713675850909410797e-02
3.909609517684071306e-02
2.945892423148380179e-02
3.818509482053895898e-02
2.325941549008377768e-02
3.433116108595351407e-03
8.770933170510225585e-03
4.667314999518427758e-03
1.394091570105266548e-02
6.587753899473293602e-03
6.629781633091012295e-03
3.654725125413414016e-02
3.655579076420344825e-02
2.026197052889992106e-02
4.828658821716732413e-02
4.328494651529746218e-02
6.352264656292924694e-02
4.524016725481146139e-02
3.678532755240086077e-02
3.256337452275471361e-02
3.520760498013107698e-02
3.854447451422237519e-02
3.809157025521096168e-02
3.673851263403749706e-02
3.320217249681631233e-02
1.589195544955205805e-02
2.239636926554123761e-02
3.092509437123040078e-02
1.724114966894916764e-02
2.316676329195488729e-02
1.225519593846133987e-02
5.571468444455468516e-02
3.941668960365519309e-02
4.719882577298578630e-02
5.611471036570328530e-02
4.319753959641588203e-02
4.608533603070184836e-02
3.827606931159301118e-02
2.139593671147101139e-02
2.751472930308349052e-02
5.169814425078763861e-03
2.033350795790137347e-02
1.922995499373899436e-02
2.040739992063941854e-02
1.749237905681712626e-02
1.186748707445467715e-03
1.381558358008224720e-02
2.961786582971318027e-02
2.101782518409802680e-01
2.853658643943791096e-01
2.115406485733686004e-01
2.089263847455888334e-01
1.836168240384959127e-01
1.370150705034765826e-01
1.112983996506722584e-01
9.679006873418717627e-02
7.086095715367447812e-02
4.827386447427953198e-02
4.234450790566923750e-02
4.780344993966575279e-02
4.857076298472221693e-02
4.025578244446107595e-02
2.906663603644480190e-02
3.622642817690880507e-02
2.520419893486668464e-02
2.187506913519585844e-02
2.841455156107979517e-03
1.558311242392281144e-02
5.690602388664634664e-03
3.003074486198833298e-02
1.286720847806974988e-01
2.528314443334779282e-01
1.932964468936786417e-01
1.832929012136566560e-01
1.844014536608468979e-01
1.919965960989747367e-01
1.847549855632192872e-01
1.460605109400016088e-01
1.460656417635049220e-01
9.784426767870321728e-02
4.659933541783751326e-02
1.842743301002836703e-02
8.034460145129726505e-02
7.276711412739877982e-02
6.219845408319885083e-02
4.290172707507825672e-02
3.490069046691956361e-02
1.753477803307549807e-02
3.488156546441215783e-02
4.382198634471671378e-02
7.295459680495065824e-02
4.918932147163990881e-02
5.065352318287057176e-02
7.366320251016279796e-02
5.958321565923708346e-02
8.192651360579578101e-02
8.305118783383412528e-02
8.560352599683450359e-02
9.986577211273173216e-02
