6.033715600536714296e-01
6.058305603000628814e-01
6.036499715305332359e-01
6.033755483197124070e-01
6.049875365911594471e-01
6.047329279088684562e-01
6.022475789280290481e-01
5.963054293366891745e-01
5.932292994214384274e-01
5.946166525271096015e-01
6.028726719555781433e-01
6.019691336492256628e-01
6.041401994528780017e-01
5.981005096147183897e-01
5.945607520256752654e-01
6.034179077794666890e-01
6.042910196876359885e-01
6.032455657292362661e-01
6.050188648148363546e-01
6.050175102473916988e-01
6.040947103734933821e-01
6.001287021837724556e-01
5.954100164609640311e-01
5.926799429444166156e-01
5.978690853693974239e-01
6.018072008112478333e-01
6.023562454970285973e-01
6.038090769905953836e-01
5.958264247997516749e-01
6.010577879934028145e-01
6.051636257021314469e-01
6.039276904450254779e-01
6.023250959780938052e-01
6.048017774590811468e-01
6.050426576514777999e-01
6.032300559984536958e-01
5.977442983614388305e-01
5.942696911558975614e-01
5.937254359366203049e-01
6.017967267495528683e-01
6.010724403851519515e-01
6.032428906505987731e-01
6.013884569512386591e-01
5.941115027431995710e-01
6.031870316773482177e-01
6.059105903956670813e-01
6.037929395850843983e-01
6.029353019014188630e-01
6.047520653809727031e-01
6.045180095769150386e-01
6.018127409061237998e-01
5.960152967451503025e-01
5.929011106268787801e-01
5.952785962574197454e-01
6.028641028164255511e-01
6.019775594888665537e-01
6.043219902694684231e-01
5.976982412340665629e-01
5.955777799987986842e-01
6.033718014466833424e-01
6.040713747218541263e-01
6.030176105366993333e-01
6.049039285105647368e-01
6.050209458437499910e-01
6.039386099166147437e-01
5.996562178890211259e-01
5.951639063881024594e-01
5.927958529416778033e-01
5.987328733166645822e-01
6.013443117327815779e-01
6.024458767841923690e-01
6.034874356253353556e-01
5.955243103387845016e-01
6.015204258844062402e-01
6.053888356018122252e-01
6.039839066002893331e-01
6.022845032472717852e-01
6.047792950457716588e-01
6.049746968292172289e-01
6.029719025159570034e-01
5.972658531128018922e-01
5.940347757379863536e-01
5.939643128334413102e-01
6.022896942590217906e-01
6.013840749255617846e-01
6.035857765797443264e-01
6.003000793524405632e-01
5.938603761497200928e-01
6.033872023114735805e-01
6.057607862430042234e-01
6.035939539705795776e-01
6.034589009674544702e-01
6.050391872929544723e-01
6.047739133104229614e-01
6.023258176677428466e-01
5.963700373613326500e-01
5.933033065586843513e-01
5.945162928120441004e-01
6.028590588355053903e-01
6.019613904938171389e-01
