1.474318128089732449e-01
1.474318128089733004e-01
1.474318128089733837e-01
1.474318128089734115e-01
1.474318128089734670e-01
1.474318128089734670e-01
1.474318128089734115e-01
1.474318128089734115e-01
1.474318128089734115e-01
1.474318128089733837e-01
1.474318128089734115e-01
1.474318128089734392e-01
1.474318128089734115e-01
1.474318128089734115e-01
1.474318128089734670e-01
1.474318128089734670e-01
1.474318128089734670e-01
1.474318128089734392e-01
1.474318128089734670e-01
1.474318128089734115e-01
1.474318128089734392e-01
1.474318128089734670e-01
1.474318128089733837e-01
1.474318128089734115e-01
1.474318128089734115e-01
1.474318128089734115e-01
1.474318128089734392e-01
1.474318128089734115e-01
1.474318128089734392e-01
1.474318128089734670e-01
1.474318128089734115e-01
1.474318128089734115e-01
1.474318128089733837e-01
1.474318128089734115e-01
1.474318128089734392e-01
1.474318128089734115e-01
1.474318128089734670e-01
1.474318128089734115e-01
1.474318128089734115e-01
1.474318128089734115e-01
1.474318128089734392e-01
1.474318128089734115e-01
1.474318128089734115e-01
1.474318128089734392e-01
1.474318128089734115e-01
1.474318128089734670e-01
1.474318128089734115e-01
1.474318128089734115e-01
1.474318128089734392e-01
1.474318128089734115e-01
1.474318128089734115e-01
1.474318128089734115e-01
1.474318128089734115e-01
1.474318128089734670e-01
1.474318128089734670e-01
1.474318128089734392e-01
1.474318128089733837e-01
1.474318128089733837e-01
1.474318128089734115e-01
1.474318128089734115e-01
1.474318128089734115e-01
1.474318128089734115e-01
1.474318128089734115e-01
1.474318128089734392e-01
1.474318128089734115e-01
1.474318128089734115e-01
1.474318128089734115e-01
1.474318128089734392e-01
1.474318128089734115e-01
1.474318128089734670e-01
1.474318128089734115e-01
1.474318128089734115e-01
1.474318128089734115e-01
1.474318128089734115e-01
1.474318128089734115e-01
1.474318128089734115e-01
1.474318128089734392e-01
1.474318128089734670e-01
1.474318128089734392e-01
1.474318128089734392e-01
1.474318128089734392e-01
1.474318128089734670e-01
1.474318128089734115e-01
1.474318128089734392e-01
1.474318128089734392e-01
1.474318128089734115e-01
1.474318128089733837e-01
1.474318128089733837e-01
1.474318128089733837e-01
1.474318128089734115e-01
1.474318128089734115e-01
1.474318128089734115e-01
1.474318128089734115e-01
1.474318128089734115e-01
1.474318128089734115e-01
1.474318128089734115e-01
1.474318128089733837e-01
1.474318128089733837e-01
1.474318128089734115e-01
1.474318128089733837e-01
