5.972339085994385899e-01
5.972339086026895449e-01
5.972339086051037249e-01
5.972339086067319780e-01
5.972339086076732251e-01
5.972339086080531434e-01
5.972339086080052928e-01
5.972339086076591252e-01
5.972339086071296599e-01
5.972339086065133751e-01
5.972339086058852109e-01
5.972339086052993462e-01
5.972339086047905310e-01
5.972339086043770839e-01
5.972339086040644451e-01
5.972339086038481737e-01
5.972339086037176115e-01
5.972339086036579925e-01
5.972339086036534406e-01
5.972339086036883016e-01
5.972339086037479206e-01
5.972339086038204181e-01
5.972339086038962463e-01
5.972339086039681888e-01
5.972339086040315825e-01
5.972339086040839851e-01
5.972339086041242862e-01
5.972339086041529299e-01
5.972339086041706935e-01
5.972339086041796863e-01
5.972339086041815737e-01
5.972339086041783540e-01
5.972339086041716927e-01
5.972339086041631440e-01
5.972339086041541512e-01
5.972339086041453804e-01
5.972339086041373868e-01
5.972339086041307255e-01
5.972339086041255074e-01
5.972339086041219547e-01
5.972339086041195122e-01
5.972339086041181799e-01
5.972339086041177358e-01
5.972339086041180689e-01
5.972339086041187350e-01
5.972339086041197342e-01
5.972339086041208445e-01
5.972339086041219547e-01
5.972339086041228429e-01
5.972339086041237310e-01
5.972339086041242862e-01
5.972339086041248413e-01
5.972339086041251743e-01
5.972339086041253964e-01
5.972339086041255074e-01
5.972339086041255074e-01
5.972339086041252854e-01
5.972339086041252854e-01
5.972339086041250633e-01
5.972339086041250633e-01
5.972339086041247302e-01
5.972339086041247302e-01
5.972339086041246192e-01
5.972339086041246192e-01
5.972339086041245082e-01
5.972339086041245082e-01
5.972339086041245082e-01
5.972339086041245082e-01
5.972339086041246192e-01
5.972339086041246192e-01
5.972339086041246192e-01
5.972339086041246192e-01
5.972339086041247302e-01
5.972339086041247302e-01
5.972339086041247302e-01
5.972339086041247302e-01
5.972339086041247302e-01
5.972339086041247302e-01
5.972339086041247302e-01
5.972339086041247302e-01
5.972339086041247302e-01
5.972339086041247302e-01
5.972339086041245082e-01
5.972339086041245082e-01
5.972339086041245082e-01
5.972339086041247302e-01
5.972339086041247302e-01
5.972339086041247302e-01
5.972339086041247302e-01
5.972339086041247302e-01
5.972339086041247302e-01
5.972339086041245082e-01
5.972339086041247302e-01
5.972339086041247302e-01
5.972339086041247302e-01
5.972339086041247302e-01
5.972339086041247302e-01
5.972339086041247302e-01
5.972339086041247302e-01
5.972339086041247302e-01
