6.020139029732645142e-01
6.019083344757021337e-01
6.022167724527872634e-01
6.029134155592922317e-01
6.039440465171973527e-01
6.052299496354311970e-01
6.066748944840756330e-01
6.081740030040666545e-01
6.096228107295124099e-01
6.109249901248057224e-01
6.119981616057432738e-01
6.127782813740662027e-01
6.132233661762859223e-01
6.133166386969099992e-01
6.130682297709788564e-01
6.125141873604331710e-01
6.117121049202370875e-01
6.107339360997816602e-01
6.096577466339186957e-01
6.085604724451449954e-01
6.075129829440674145e-01
6.065774449517622458e-01
6.058060104218363495e-01
6.052397053390481396e-01
6.049069393100470204e-01
6.048217719133355263e-01
6.049825157995790681e-01
6.053713016192472374e-01
6.059550070741870353e-01
6.066876377156670275e-01
6.075139446352924022e-01
6.083738310263099303e-01
6.092069928045193983e-01
6.099572948545936013e-01
6.105765630763929641e-01
6.110276526413916942e-01
6.112867213176581549e-01
6.113445836951519885e-01
6.112069490468639010e-01
6.108933786986090464e-01
6.104349880419037699e-01
6.098711953114329676e-01
6.092460386401359340e-01
6.086046196107082196e-01
6.079900679351198933e-01
6.074411592631563384e-01
6.069905027025604971e-01
6.066631399829065519e-01
6.064754586986434992e-01
6.064344403961754448e-01
6.065373554296646930e-01
6.067720353980780024e-01
6.071178024941447093e-01
6.075470422788901148e-01
6.080273070459917273e-01
6.085237602729373085e-01
6.090017368108617823e-01
6.094292008513296777e-01
6.097789201204381060e-01
6.100302176214186245e-01
6.101701955901699392e-01
6.101943512996185204e-01
6.101065361674429255e-01
6.099182628570268827e-01
6.096474388464961924e-01
6.093166794800858321e-01
6.089514007450381738e-01
6.085778931544872927e-01
6.082215358720555187e-01
6.079052471379184919e-01
6.076482116097779995e-01
6.074648957703976393e-01
6.073643597140957473e-01
6.073498842142436294e-01
6.074189393232186651e-01
6.075635138847266248e-01
6.077708024798875730e-01
6.080242132185752491e-01
6.083046255920138146e-01
6.085918009413864294e-01
6.088658342712374161e-01
6.091085359943583244e-01
6.093046428926754965e-01
6.094427749089038615e-01
6.095160753656307939e-01
6.095224962387583156e-01
6.094647178931995590e-01
6.093497238244822700e-01
6.091880821691093573e-01
6.089930112948284124e-01
6.087793209472904810e-01
6.085623205924742818e-01
6.083567747650474589e-01
6.081759670448713129e-01
6.080309161113448546e-01
6.079297733417896588e-01
6.078774222467889787e-01
6.078752934284978870e-01
6.079214015282566885e-01
6.080106005816837689e-01
