4.105896857579822701e-01
4.105896856946688600e-01
4.105896856426631270e-01
4.105896855999457418e-01
4.105896855648576427e-01
4.105896855360361974e-01
4.105896855123623013e-01
4.105896854929165229e-01
4.105896854769439108e-01
4.105896854638239057e-01
4.105896854530471374e-01
4.105896854441951627e-01
4.105896854369239790e-01
4.105896854309515898e-01
4.105896854260456807e-01
4.105896854220161818e-01
4.105896854187062184e-01
4.105896854159874487e-01
4.105896854137542351e-01
4.105896854119198691e-01
4.105896854104131855e-01
4.105896854091755088e-01
4.105896854081589331e-01
4.105896854073239344e-01
4.105896854066380941e-01
4.105896854060746559e-01
4.105896854056119150e-01
4.105896854052317746e-01
4.105896854049195244e-01
4.105896854046630073e-01
4.105896854044524535e-01
4.105896854042794808e-01
4.105896854041373722e-01
4.105896854040205213e-01
4.105896854039245980e-01
4.105896854038458832e-01
4.105896854037810462e-01
4.105896854037279775e-01
4.105896854036843457e-01
4.105896854036483745e-01
4.105896854036189536e-01
4.105896854035948063e-01
4.105896854035749333e-01
4.105896854035586130e-01
4.105896854035452903e-01
4.105896854035341881e-01
4.105896854035251398e-01
4.105896854035176458e-01
4.105896854035115395e-01
4.105896854035065435e-01
4.105896854035024912e-01
4.105896854034989940e-01
4.105896854034963295e-01
4.105896854034939425e-01
4.105896854034921106e-01
4.105896854034906118e-01
4.105896854034892796e-01
4.105896854034882804e-01
4.105896854034873922e-01
4.105896854034866705e-01
4.105896854034861154e-01
4.105896854034856713e-01
4.105896854034852272e-01
4.105896854034849497e-01
4.105896854034846721e-01
4.105896854034844501e-01
4.105896854034842836e-01
4.105896854034841725e-01
4.105896854034840060e-01
4.105896854034838395e-01
4.105896854034838395e-01
4.105896854034836729e-01
4.105896854034836729e-01
4.105896854034836729e-01
4.105896854034836729e-01
4.105896854034835619e-01
4.105896854034836729e-01
4.105896854034835064e-01
4.105896854034835064e-01
4.105896854034835064e-01
4.105896854034835619e-01
4.105896854034835064e-01
4.105896854034835064e-01
4.105896854034835064e-01
4.105896854034834509e-01
4.105896854034834509e-01
4.105896854034834509e-01
4.105896854034835064e-01
4.105896854034833399e-01
4.105896854034833399e-01
4.105896854034834509e-01
4.105896854034834509e-01
4.105896854034833399e-01
4.105896854034834509e-01
4.105896854034835064e-01
4.105896854034835064e-01
4.105896854034835064e-01
4.105896854034835064e-01
4.105896854034835064e-01
4.105896854034835064e-01
