3.294418224261868033e-01
3.294418226251848436e-01
3.294418226326134569e-01
3.294418225001062850e-01
3.294418223056782002e-01
3.294418221235237976e-01
3.294418220034132094e-01
3.294418219630120270e-01
3.294418219917367163e-01
3.294418220617805204e-01
3.294418221410747583e-01
3.294418222038552058e-01
3.294418222364181581e-01
3.294418222377369920e-01
3.294418222162016074e-01
3.294418221845225037e-01
3.294418221548038872e-01
3.294418221351776421e-01
3.294418221285429493e-01
3.294418221331897878e-01
3.294418221445916672e-01
3.294418221575204919e-01
3.294418221677700154e-01
3.294418221730983642e-01
3.294418221733309560e-01
3.294418221698310334e-01
3.294418221646694400e-01
3.294418221598207630e-01
3.294418221566138838e-01
3.294418221555243664e-01
3.294418221562760984e-01
3.294418221581321138e-01
3.294418221602400387e-01
3.294418221619133669e-01
3.294418221627853360e-01
3.294418221628260812e-01
3.294418221622573695e-01
3.294418221614163755e-01
3.294418221606252861e-01
3.294418221601012053e-01
3.294418221599222929e-01
3.294418221600438623e-01
3.294418221603460095e-01
3.294418221606896791e-01
3.294418221609629049e-01
3.294418221611056241e-01
3.294418221611127851e-01
3.294418221610203590e-01
3.294418221608832464e-01
3.294418221607542385e-01
3.294418221606685848e-01
3.294418221606392194e-01
3.294418221606588149e-01
3.294418221607079977e-01
3.294418221607639530e-01
3.294418221608086395e-01
3.294418221608320652e-01
3.294418221608332309e-01
3.294418221608181874e-01
3.294418221607959274e-01
3.294418221607749442e-01
3.294418221607608444e-01
3.294418221607560704e-01
3.294418221607591235e-01
3.294418221607671726e-01
3.294418221607762765e-01
3.294418221607836039e-01
3.294418221607874897e-01
3.294418221607876562e-01
3.294418221607852137e-01
3.294418221607816055e-01
3.294418221607781638e-01
3.294418221607757769e-01
3.294418221607750552e-01
3.294418221607755548e-01
3.294418221607768316e-01
3.294418221607783304e-01
3.294418221607795516e-01
3.294418221607802177e-01
3.294418221607802733e-01
3.294418221607798292e-01
3.294418221607792185e-01
3.294418221607787189e-01
3.294418221607782749e-01
3.294418221607781083e-01
3.294418221607782749e-01
3.294418221607784969e-01
3.294418221607787189e-01
3.294418221607788855e-01
3.294418221607789965e-01
3.294418221607789965e-01
3.294418221607788855e-01
3.294418221607788300e-01
3.294418221607787189e-01
3.294418221607787189e-01
3.294418221607787189e-01
3.294418221607787745e-01
3.294418221607787745e-01
3.294418221607788300e-01
3.294418221607788300e-01
