5.506655163636571260e-01
5.506655161452490566e-01
5.506655159935469612e-01
5.506655158883166923e-01
5.506655158154152296e-01
5.506655157649725796e-01
5.506655157301114656e-01
5.506655157060464933e-01
5.506655156894531000e-01
5.506655156780240201e-01
5.506655156701603104e-01
5.506655156647556337e-01
5.506655156610447133e-01
5.506655156584993049e-01
5.506655156567551446e-01
5.506655156555612107e-01
5.506655156547447527e-01
5.506655156541867546e-01
5.506655156538059481e-01
5.506655156535463780e-01
5.506655156533694084e-01
5.506655156532489492e-01
5.506655156531671258e-01
5.506655156531115036e-01
5.506655156530737560e-01
5.506655156530482209e-01
5.506655156530307904e-01
5.506655156530191331e-01
5.506655156530111395e-01
5.506655156530059214e-01
5.506655156530022577e-01
5.506655156529997042e-01
5.506655156529980388e-01
5.506655156529970396e-01
5.506655156529962625e-01
5.506655156529957074e-01
5.506655156529954853e-01
5.506655156529952633e-01
5.506655156529950412e-01
5.506655156529950412e-01
5.506655156529949302e-01
5.506655156529949302e-01
5.506655156529949302e-01
5.506655156529949302e-01
5.506655156529948192e-01
5.506655156529948192e-01
5.506655156529949302e-01
5.506655156529948192e-01
5.506655156529948192e-01
5.506655156529948192e-01
5.506655156529948192e-01
5.506655156529948192e-01
5.506655156529948192e-01
5.506655156529948192e-01
5.506655156529947082e-01
5.506655156529948192e-01
5.506655156529948192e-01
5.506655156529948192e-01
5.506655156529948192e-01
5.506655156529948192e-01
5.506655156529948192e-01
5.506655156529948192e-01
5.506655156529947082e-01
5.506655156529947082e-01
5.506655156529948192e-01
5.506655156529947082e-01
5.506655156529948192e-01
5.506655156529948192e-01
5.506655156529948192e-01
5.506655156529947082e-01
5.506655156529947082e-01
5.506655156529947082e-01
5.506655156529948192e-01
5.506655156529949302e-01
5.506655156529948192e-01
5.506655156529948192e-01
5.506655156529949302e-01
5.506655156529948192e-01
5.506655156529948192e-01
5.506655156529948192e-01
5.506655156529948192e-01
5.506655156529948192e-01
5.506655156529948192e-01
5.506655156529948192e-01
5.506655156529948192e-01
5.506655156529948192e-01
5.506655156529948192e-01
5.506655156529949302e-01
5.506655156529949302e-01
5.506655156529948192e-01
5.506655156529948192e-01
5.506655156529948192e-01
5.506655156529948192e-01
5.506655156529948192e-01
5.506655156529948192e-01
5.506655156529948192e-01
5.506655156529949302e-01
5.506655156529948192e-01
5.506655156529948192e-01
5.506655156529949302e-01
