3.378801745487421404e-01
3.378892910213559531e-01
3.378993572350862951e-01
3.379099080808759537e-01
3.379205190414212856e-01
3.379308154684774745e-01
3.379404791471629643e-01
3.379492522298089829e-01
3.379569386972004486e-01
3.379634035703743544e-01
3.379685701493941874e-01
3.379724155950353803e-01
3.379749651941124089e-01
3.379762856590790565e-01
3.379764778081990051e-01
3.379756689554275217e-01
3.379740053111813802e-01
3.379716446587858192e-01
3.379687495291638921e-01
3.379654810508062601e-01
3.379619936056081908e-01
3.379584303758388364e-01
3.379549198250168529e-01
3.379515731170936177e-01
3.379484824449863756e-01
3.379457202117063241e-01
3.379433389852787850e-01
3.379413721323287767e-01
3.379398350243277283e-01
3.379387267046530252e-01
3.379380319032853075e-01
3.379377232885529270e-01
3.379377638512303661e-01
3.379381093248482459e-01
3.379387105566880600e-01
3.379395157560040608e-01
3.379404725589928993e-01
3.379415298634056986e-01
3.379426393990083155e-01
3.379437570129271151e-01
3.379448436609388540e-01
3.379458661066603309e-01
3.379467973401604208e-01
3.379476167355849880e-01
3.379483099738493923e-01
3.379488687612905995e-01
3.379492903783919977e-01
3.379495770943767297e-01
3.379497354837305290e-01
3.379497756797153474e-01
3.379497105978527816e-01
3.379495551593934000e-01
3.379493255411546437e-01
3.379490384740019837e-01
3.379487106078890024e-01
3.379483579569145246e-01
3.379479954334919101e-01
3.379476364765834906e-01
3.379472927751467903e-01
3.379469740845658099e-01
3.379466881309569071e-01
3.379464405958804707e-01
3.379462351721801983e-01
3.379460736803925891e-01
3.379459562344114820e-01
3.379458814448034198e-01
3.379458466483134527e-01
3.379458481526108060e-01
3.379458814861409088e-01
3.379459416440112607e-01
3.379460233220758503e-01
3.379461211327302594e-01
3.379462297973395146e-01
3.379463443116226262e-01
3.379464600816812769e-01
3.379465730296283277e-01
3.379466796689336583e-01
3.379467771506070028e-01
3.379468632821950314e-01
3.379469365222467769e-01
3.379469959534121548e-01
3.379470412376760491e-01
3.379470725574138523e-01
3.379470905459838748e-01
3.379470962114791144e-01
3.379470908570500476e-01
3.379470760009151142e-01
3.379470532988040898e-01
3.379470244711683669e-01
3.379469912370415829e-01
3.379469552559853374e-01
3.379469180791020433e-01
3.379468811096738579e-01
3.379468455735897825e-01
3.379468124993738609e-01
3.379467827073236452e-01
3.379467568070207983e-01
3.379467352022788584e-01
3.379467181024588540e-01
3.379467055389958063e-01
