5.037731895807340265e-01
5.037731895807340265e-01
5.037731895807339155e-01
5.037731895807340265e-01
5.037731895807339155e-01
5.037731895807339155e-01
5.037731895807339155e-01
5.037731895807339155e-01
5.037731895807339155e-01
5.037731895807339155e-01
5.037731895807339155e-01
5.037731895807338045e-01
5.037731895807338045e-01
5.037731895807339155e-01
5.037731895807339155e-01
5.037731895807339155e-01
5.037731895807339155e-01
5.037731895807339155e-01
5.037731895807339155e-01
5.037731895807339155e-01
5.037731895807339155e-01
5.037731895807339155e-01
5.037731895807340265e-01
5.037731895807340265e-01
5.037731895807339155e-01
5.037731895807338045e-01
5.037731895807338045e-01
5.037731895807339155e-01
5.037731895807339155e-01
5.037731895807338045e-01
5.037731895807338045e-01
5.037731895807339155e-01
5.037731895807338045e-01
5.037731895807339155e-01
5.037731895807339155e-01
5.037731895807339155e-01
5.037731895807339155e-01
5.037731895807339155e-01
5.037731895807339155e-01
5.037731895807340265e-01
5.037731895807339155e-01
5.037731895807338045e-01
5.037731895807339155e-01
5.037731895807339155e-01
5.037731895807340265e-01
5.037731895807340265e-01
5.037731895807339155e-01
5.037731895807338045e-01
5.037731895807338045e-01
5.037731895807338045e-01
5.037731895807339155e-01
5.037731895807339155e-01
5.037731895807339155e-01
5.037731895807338045e-01
5.037731895807338045e-01
5.037731895807339155e-01
5.037731895807338045e-01
5.037731895807338045e-01
5.037731895807338045e-01
5.037731895807339155e-01
5.037731895807338045e-01
5.037731895807339155e-01
5.037731895807339155e-01
5.037731895807339155e-01
5.037731895807339155e-01
5.037731895807339155e-01
5.037731895807340265e-01
5.037731895807339155e-01
5.037731895807339155e-01
5.037731895807339155e-01
5.037731895807339155e-01
5.037731895807339155e-01
5.037731895807339155e-01
5.037731895807339155e-01
5.037731895807339155e-01
5.037731895807339155e-01
5.037731895807338045e-01
5.037731895807338045e-01
5.037731895807339155e-01
5.037731895807338045e-01
5.037731895807339155e-01
5.037731895807339155e-01
5.037731895807338045e-01
5.037731895807338045e-01
5.037731895807339155e-01
5.037731895807339155e-01
5.037731895807340265e-01
5.037731895807339155e-01
5.037731895807338045e-01
5.037731895807339155e-01
5.037731895807339155e-01
5.037731895807339155e-01
5.037731895807339155e-01
5.037731895807338045e-01
5.037731895807339155e-01
5.037731895807339155e-01
5.037731895807339155e-01
5.037731895807338045e-01
5.037731895807339155e-01
5.037731895807339155e-01
