5.796946346905498260e-01
5.786303989605209308e-01
5.773837582571295091e-01
5.780809994036096855e-01
5.793137267689436598e-01
5.797859420749063020e-01
5.795680304214216871e-01
5.782742860267947593e-01
5.773390798137694180e-01
5.784127627105457581e-01
5.794801126946073078e-01
5.798042111399359655e-01
5.793747299171021492e-01
5.779367249898579306e-01
5.774279216725065611e-01
5.787261375327225066e-01
5.796098953809825094e-01
5.797884840836329268e-01
5.791096873714370874e-01
5.776493524057941809e-01
5.776398011838065338e-01
5.790002507188281022e-01
5.797053688536315530e-01
5.797340786505194021e-01
5.787856164856853836e-01
5.774417045947677352e-01
5.779357675583002285e-01
5.792278408109976517e-01
5.797685862527154343e-01
5.796321247472114857e-01
5.784311994375457289e-01
5.773419242863881973e-01
5.782665919446797753e-01
5.794118188550645421e-01
5.798006775549823244e-01
5.794691790241652818e-01
5.780808546378692903e-01
5.773716829433999109e-01
5.785920192291570396e-01
5.795574113785452175e-01
5.798001663753321600e-01
5.792349508770641142e-01
5.777674224297182359e-01
5.775330878650547506e-01
5.788853885774982722e-01
5.796677169385162642e-01
5.797633950791689639e-01
5.789337775008133180e-01
5.775210719860254249e-01
5.777984286437117811e-01
5.791336318587566589e-01
5.797448173302935936e-01
5.796836792833096608e-01
5.785883656633735717e-01
5.773706391149875383e-01
5.781198874655991693e-01
5.793361225673550052e-01
5.797905513806713707e-01
5.795491551401394936e-01
5.782319108586363443e-01
5.773417990218040474e-01
5.784518699498972794e-01
5.794980505972595619e-01
5.798046564131652536e-01
5.793467028425982601e-01
5.778983842666929327e-01
5.774470826703963500e-01
5.787617907208985057e-01
5.796235769560708073e-01
5.797843512730745941e-01
5.790730705226243558e-01
5.776189791446786348e-01
5.776720781768754920e-01
5.790305800654446111e-01
5.797149703078887661e-01
5.797245947893162610e-01
5.787432959107176034e-01
5.774229960425242281e-01
5.779751560751451578e-01
5.792526504503329177e-01
5.797743195165022678e-01
5.796158414345001786e-01
5.783873696795759356e-01
5.773381768471175235e-01
5.783073736197297254e-01
5.794317056904925156e-01
5.798025084234099680e-01
5.794444403895641083e-01
5.780397648385884324e-01
5.773845708145373123e-01
5.786301259742621106e-01
5.795728527056844825e-01
5.797977528356758059e-01
5.792013184344535492e-01
5.777329424273593972e-01
5.775608758786449082e-01
5.789184233931244927e-01
5.796789633965955257e-01
5.797561375966782116e-01
5.788931273327333482e-01
