5.255104407807393851e-01
5.255104407807393851e-01
5.255104407807393851e-01
5.255104407807392741e-01
5.255104407807392741e-01
5.255104407807392741e-01
5.255104407807392741e-01
5.255104407807392741e-01
5.255104407807392741e-01
5.255104407807392741e-01
5.255104407807391631e-01
5.255104407807391631e-01
5.255104407807391631e-01
5.255104407807391631e-01
5.255104407807391631e-01
5.255104407807391631e-01
5.255104407807391631e-01
5.255104407807391631e-01
5.255104407807392741e-01
5.255104407807392741e-01
5.255104407807392741e-01
5.255104407807391631e-01
5.255104407807392741e-01
5.255104407807392741e-01
5.255104407807392741e-01
5.255104407807392741e-01
5.255104407807392741e-01
5.255104407807392741e-01
5.255104407807392741e-01
5.255104407807392741e-01
5.255104407807392741e-01
5.255104407807392741e-01
5.255104407807392741e-01
5.255104407807391631e-01
5.255104407807392741e-01
5.255104407807392741e-01
5.255104407807392741e-01
5.255104407807392741e-01
5.255104407807392741e-01
5.255104407807392741e-01
5.255104407807392741e-01
5.255104407807392741e-01
5.255104407807392741e-01
5.255104407807391631e-01
5.255104407807392741e-01
5.255104407807392741e-01
5.255104407807391631e-01
5.255104407807391631e-01
5.255104407807392741e-01
5.255104407807392741e-01
5.255104407807392741e-01
5.255104407807392741e-01
5.255104407807392741e-01
5.255104407807392741e-01
5.255104407807392741e-01
5.255104407807392741e-01
5.255104407807392741e-01
5.255104407807392741e-01
5.255104407807392741e-01
5.255104407807392741e-01
5.255104407807392741e-01
5.255104407807392741e-01
5.255104407807392741e-01
5.255104407807392741e-01
5.255104407807392741e-01
5.255104407807391631e-01
5.255104407807392741e-01
5.255104407807392741e-01
5.255104407807392741e-01
5.255104407807392741e-01
5.255104407807392741e-01
5.255104407807392741e-01
5.255104407807392741e-01
5.255104407807392741e-01
5.255104407807392741e-01
5.255104407807392741e-01
5.255104407807392741e-01
5.255104407807392741e-01
5.255104407807392741e-01
5.255104407807392741e-01
5.255104407807392741e-01
5.255104407807391631e-01
5.255104407807391631e-01
5.255104407807392741e-01
5.255104407807392741e-01
5.255104407807392741e-01
5.255104407807392741e-01
5.255104407807392741e-01
5.255104407807391631e-01
5.255104407807392741e-01
5.255104407807392741e-01
5.255104407807392741e-01
5.255104407807392741e-01
5.255104407807392741e-01
5.255104407807392741e-01
5.255104407807392741e-01
5.255104407807391631e-01
5.255104407807392741e-01
5.255104407807392741e-01
5.255104407807392741e-01
