4.307173716299627086e-01
4.307173716299627086e-01
4.307173716299626531e-01
4.307173716299625976e-01
4.307173716299627086e-01
4.307173716299625976e-01
4.307173716299625976e-01
4.307173716299625976e-01
4.307173716299627086e-01
4.307173716299625976e-01
4.307173716299625976e-01
4.307173716299626531e-01
4.307173716299625976e-01
4.307173716299625976e-01
4.307173716299625976e-01
4.307173716299625976e-01
4.307173716299627086e-01
4.307173716299625976e-01
4.307173716299625976e-01
4.307173716299625976e-01
4.307173716299625976e-01
4.307173716299625976e-01
4.307173716299625976e-01
4.307173716299625976e-01
4.307173716299625976e-01
4.307173716299625976e-01
4.307173716299627086e-01
4.307173716299625976e-01
4.307173716299625976e-01
4.307173716299625976e-01
4.307173716299626531e-01
4.307173716299625976e-01
4.307173716299625976e-01
4.307173716299625976e-01
4.307173716299625976e-01
4.307173716299625976e-01
4.307173716299625976e-01
4.307173716299625976e-01
4.307173716299625976e-01
4.307173716299625976e-01
4.307173716299625976e-01
4.307173716299625976e-01
4.307173716299627086e-01
4.307173716299627086e-01
4.307173716299625976e-01
4.307173716299625976e-01
4.307173716299625976e-01
4.307173716299625976e-01
4.307173716299625976e-01
4.307173716299625976e-01
4.307173716299625976e-01
4.307173716299625976e-01
4.307173716299627086e-01
4.307173716299625976e-01
4.307173716299625976e-01
4.307173716299625976e-01
4.307173716299625976e-01
4.307173716299625976e-01
4.307173716299625976e-01
4.307173716299625976e-01
4.307173716299625976e-01
4.307173716299625976e-01
4.307173716299625976e-01
4.307173716299627086e-01
4.307173716299625976e-01
4.307173716299625976e-01
4.307173716299625976e-01
4.307173716299625976e-01
4.307173716299627086e-01
4.307173716299627086e-01
4.307173716299625976e-01
4.307173716299625976e-01
4.307173716299625976e-01
4.307173716299625976e-01
4.307173716299625976e-01
4.307173716299625976e-01
4.307173716299625976e-01
4.307173716299625976e-01
4.307173716299625976e-01
4.307173716299625976e-01
4.307173716299625976e-01
4.307173716299625976e-01
4.307173716299625976e-01
4.307173716299625976e-01
4.307173716299625976e-01
4.307173716299625976e-01
4.307173716299626531e-01
4.307173716299626531e-01
4.307173716299625976e-01
4.307173716299625976e-01
4.307173716299625976e-01
4.307173716299625976e-01
4.307173716299625976e-01
4.307173716299626531e-01
4.307173716299626531e-01
4.307173716299625976e-01
4.307173716299626531e-01
4.307173716299625976e-01
4.307173716299627086e-01
4.307173716299625976e-01
