2.975065961562790018e-01
2.975065961562924910e-01
2.975065961563062022e-01
2.975065961563181927e-01
2.975065961563273520e-01
2.975065961563337358e-01
2.975065961563375105e-01
2.975065961563393424e-01
2.975065961563396200e-01
2.975065961563390093e-01
2.975065961563379546e-01
2.975065961563367334e-01
2.975065961563356232e-01
2.975065961563346795e-01
2.975065961563340688e-01
2.975065961563336248e-01
2.975065961563334582e-01
2.975065961563332917e-01
2.975065961563332917e-01
2.975065961563333472e-01
2.975065961563334582e-01
2.975065961563335692e-01
2.975065961563336803e-01
2.975065961563337358e-01
2.975065961563337913e-01
2.975065961563338468e-01
2.975065961563338468e-01
2.975065961563337913e-01
2.975065961563337913e-01
2.975065961563338468e-01
2.975065961563337913e-01
2.975065961563337913e-01
2.975065961563338468e-01
2.975065961563338468e-01
2.975065961563337913e-01
2.975065961563338468e-01
2.975065961563337913e-01
2.975065961563337913e-01
2.975065961563338468e-01
2.975065961563338468e-01
2.975065961563337913e-01
2.975065961563337913e-01
2.975065961563337358e-01
2.975065961563338468e-01
2.975065961563338468e-01
2.975065961563338468e-01
2.975065961563338468e-01
2.975065961563337358e-01
2.975065961563337358e-01
2.975065961563338468e-01
2.975065961563338468e-01
2.975065961563338468e-01
2.975065961563337913e-01
2.975065961563338468e-01
2.975065961563337358e-01
2.975065961563337358e-01
2.975065961563338468e-01
2.975065961563337358e-01
2.975065961563337358e-01
2.975065961563337358e-01
2.975065961563337913e-01
2.975065961563337913e-01
2.975065961563338468e-01
2.975065961563338468e-01
2.975065961563338468e-01
2.975065961563338468e-01
2.975065961563337913e-01
2.975065961563337913e-01
2.975065961563337358e-01
2.975065961563337913e-01
2.975065961563337913e-01
2.975065961563338468e-01
2.975065961563337913e-01
2.975065961563337913e-01
2.975065961563337913e-01
2.975065961563337913e-01
2.975065961563338468e-01
2.975065961563338468e-01
2.975065961563338468e-01
2.975065961563337913e-01
2.975065961563338468e-01
2.975065961563337913e-01
2.975065961563337913e-01
2.975065961563338468e-01
2.975065961563337358e-01
2.975065961563337913e-01
2.975065961563338468e-01
2.975065961563337358e-01
2.975065961563337358e-01
2.975065961563337358e-01
2.975065961563337358e-01
2.975065961563338468e-01
2.975065961563338468e-01
2.975065961563337358e-01
2.975065961563338468e-01
2.975065961563338468e-01
2.975065961563338468e-01
2.975065961563337913e-01
2.975065961563337913e-01
2.975065961563337358e-01
