2.623577889308028044e-01
2.623581410888793930e-01
2.623584803636712648e-01
2.623588072212625910e-01
2.623591221112521188e-01
2.623594254673103365e-01
2.623597177077184317e-01
2.623599992358918165e-01
2.623602704408863895e-01
2.623605316978894209e-01
2.623607833686950608e-01
2.623610258021650266e-01
2.623612593346740796e-01
2.623614842905421241e-01
2.623617009824518731e-01
2.623619097118535803e-01
2.623621107693557275e-01
2.623623044351044431e-01
2.623624909791489324e-01
2.623626706617963600e-01
2.623628437339539099e-01
2.623630104374597982e-01
2.623631710054034616e-01
2.623633256624349763e-01
2.623634746250638750e-01
2.623636181019477487e-01
2.623637562941717460e-01
2.623638893955175799e-01
2.623640175927242635e-01
2.623641410657391870e-01
2.623642599879612014e-01
2.623643745264747640e-01
2.623644848422762577e-01
2.623645910904927048e-01
2.623646934205920433e-01
2.623647919765872971e-01
2.623648868972327519e-01
2.623649783162131932e-01
2.623650663623269819e-01
2.623651511596628572e-01
2.623652328277695789e-01
2.623653114818205179e-01
2.623653872327718073e-01
2.623654601875156644e-01
2.623655304490272178e-01
2.623655981165068929e-01
2.623656632855178028e-01
2.623657260481171982e-01
2.623657864929846428e-01
2.623658447055448595e-01
2.623659007680858579e-01
2.623659547598736763e-01
2.623660067572622934e-01
2.623660568337998211e-01
2.623661050603312561e-01
2.623661515050968451e-01
2.623661962338271758e-01
2.623662393098354362e-01
2.623662807941051223e-01
2.623663207453759694e-01
2.623663592202253869e-01
2.623663962731481725e-01
2.623664319566326730e-01
2.623664663212340042e-01
2.623664994156453267e-01
2.623665312867658472e-01
2.623665619797667103e-01
2.623665915381545588e-01
2.623666200038324292e-01
2.623666474171585383e-01
2.623666738170034041e-01
2.623666992408041354e-01
2.623667237246172235e-01
2.623667473031695563e-01
2.623667700099067135e-01
2.623667918770406504e-01
2.623668129355947731e-01
2.623668332154476812e-01
2.623668527453755783e-01
2.623668715530924067e-01
2.623668896652892046e-01
2.623669071076719095e-01
2.623669239049973845e-01
2.623669400811083352e-01
2.623669556589672824e-01
2.623669706606886476e-01
2.623669851075704496e-01
2.623669990201238922e-01
2.623670124181027852e-01
2.623670253205311886e-01
2.623670377457304470e-01
2.623670497113451683e-01
2.623670612343678155e-01
2.623670723311634090e-01
2.623670830174921198e-01
2.623670933085316959e-01
2.623671032188992225e-01
2.623671127626716615e-01
2.623671219534053356e-01
2.623671308041561345e-01
