2.695613557309197716e-01
2.695613557749377276e-01
2.695613558130141585e-01
2.695613558448645142e-01
2.695613558705940993e-01
2.695613558905857743e-01
2.695613559054054753e-01
2.695613559157234995e-01
2.695613559222524991e-01
2.695613559257003522e-01
2.695613559267359127e-01
2.695613559259661396e-01
2.695613559239227186e-01
2.695613559210557897e-01
2.695613559177338914e-01
2.695613559142476801e-01
2.695613559108167023e-01
2.695613559075976662e-01
2.695613559046939334e-01
2.695613559021647898e-01
2.695613559000347159e-01
2.695613558983013247e-01
2.695613558969430779e-01
2.695613558959256695e-01
2.695613558952068001e-01
2.695613558947410615e-01
2.695613558944825461e-01
2.695613558943876775e-01
2.695613558944164878e-01
2.695613558945337274e-01
2.695613558947093646e-01
2.695613558949186972e-01
2.695613558951420741e-01
2.695613558953643407e-01
2.695613558955747280e-01
2.695613558957659639e-01
2.695613558959338296e-01
2.695613558960761047e-01
2.695613558961926226e-01
2.695613558962848266e-01
2.695613558963546041e-01
2.695613558964043976e-01
2.695613558964374268e-01
2.695613558964565226e-01
2.695613558964646272e-01
2.695613558964642387e-01
2.695613558964576328e-01
2.695613558964469747e-01
2.695613558964338186e-01
2.695613558964195522e-01
2.695613558964051193e-01
2.695613558963914080e-01
2.695613558963788070e-01
2.695613558963676493e-01
2.695613558963582124e-01
2.695613558963503853e-01
2.695613558963441680e-01
2.695613558963393386e-01
2.695613558963358969e-01
2.695613558963335654e-01
2.695613558963321221e-01
2.695613558963314560e-01
2.695613558963314005e-01
2.695613558963317336e-01
2.695613558963323442e-01
2.695613558963331213e-01
2.695613558963340650e-01
2.695613558963350087e-01
2.695613558963359524e-01
2.695613558963368406e-01
2.695613558963375067e-01
2.695613558963381728e-01
2.695613558963387280e-01
2.695613558963390055e-01
2.695613558963394496e-01
2.695613558963396716e-01
2.695613558963397827e-01
2.695613558963398937e-01
2.695613558963400047e-01
2.695613558963399492e-01
2.695613558963399492e-01
2.695613558963399492e-01
2.695613558963398937e-01
2.695613558963398382e-01
2.695613558963397272e-01
2.695613558963396716e-01
2.695613558963396716e-01
2.695613558963396161e-01
2.695613558963395606e-01
2.695613558963394496e-01
2.695613558963394496e-01
2.695613558963393386e-01
2.695613558963393386e-01
2.695613558963392831e-01
2.695613558963392831e-01
2.695613558963392276e-01
2.695613558963392276e-01
2.695613558963391720e-01
2.695613558963391720e-01
2.695613558963392276e-01
