2.450155728330126736e-01
2.450155728330324911e-01
2.450155728330489502e-01
2.450155728330625782e-01
2.450155728330738192e-01
2.450155728330830063e-01
2.450155728330904725e-01
2.450155728330966065e-01
2.450155728331014915e-01
2.450155728331054050e-01
2.450155728331085692e-01
2.450155728331109561e-01
2.450155728331129545e-01
2.450155728331144256e-01
2.450155728331156191e-01
2.450155728331165073e-01
2.450155728331170624e-01
2.450155728331177007e-01
2.450155728331180061e-01
2.450155728331182281e-01
2.450155728331183946e-01
2.450155728331185334e-01
2.450155728331186722e-01
2.450155728331186722e-01
2.450155728331186722e-01
2.450155728331185889e-01
2.450155728331186444e-01
2.450155728331185889e-01
2.450155728331185612e-01
2.450155728331184779e-01
2.450155728331184779e-01
2.450155728331184224e-01
2.450155728331183946e-01
2.450155728331183114e-01
2.450155728331183114e-01
2.450155728331182836e-01
2.450155728331182836e-01
2.450155728331182281e-01
2.450155728331182281e-01
2.450155728331182003e-01
2.450155728331181726e-01
2.450155728331181726e-01
2.450155728331181726e-01
2.450155728331182003e-01
2.450155728331181726e-01
2.450155728331181726e-01
2.450155728331181726e-01
2.450155728331181726e-01
2.450155728331181726e-01
2.450155728331181726e-01
2.450155728331181726e-01
2.450155728331182281e-01
2.450155728331181726e-01
2.450155728331182281e-01
2.450155728331181726e-01
2.450155728331181726e-01
2.450155728331182281e-01
2.450155728331181726e-01
2.450155728331182003e-01
2.450155728331182003e-01
2.450155728331181726e-01
2.450155728331181726e-01
2.450155728331181726e-01
2.450155728331181726e-01
2.450155728331181726e-01
2.450155728331181726e-01
2.450155728331181726e-01
2.450155728331181726e-01
2.450155728331181726e-01
2.450155728331181726e-01
2.450155728331181726e-01
2.450155728331182003e-01
2.450155728331182003e-01
2.450155728331181726e-01
2.450155728331181726e-01
2.450155728331181726e-01
2.450155728331181726e-01
2.450155728331181726e-01
2.450155728331181726e-01
2.450155728331181726e-01
2.450155728331181726e-01
2.450155728331182281e-01
2.450155728331182281e-01
2.450155728331182836e-01
2.450155728331182836e-01
2.450155728331182281e-01
2.450155728331182836e-01
2.450155728331182281e-01
2.450155728331182281e-01
2.450155728331182836e-01
2.450155728331182836e-01
2.450155728331181726e-01
2.450155728331182281e-01
2.450155728331181726e-01
2.450155728331182003e-01
2.450155728331182003e-01
2.450155728331181726e-01
2.450155728331182003e-01
2.450155728331181726e-01
2.450155728331182003e-01
