3.126464867416562377e-01
3.110027297748784725e-01
3.095460211617558910e-01
3.082554962975435631e-01
3.071259994717965291e-01
3.061769539020605668e-01
3.054597205416685335e-01
3.050633016435002620e-01
3.051159322372380411e-01
3.057802086401837927e-01
3.072390421449230358e-01
3.096591554647330491e-01
3.130955817341437575e-01
3.173376676991233047e-01
3.218976233888654614e-01
3.262635000708056232e-01
3.299424240277681886e-01
3.325299820943531381e-01
3.339464713937340679e-01
3.343149387514096071e-01
3.338159818228483844e-01
3.326403190179006431e-01
3.309701546246825443e-01
3.289614914629065412e-01
3.267320037077151573e-01
3.243637847775291960e-01
3.219257586062966303e-01
3.195012477517376603e-01
3.171857699376913753e-01
3.150544552112521379e-01
3.131411657427473627e-01
3.114434680132779909e-01
3.099396581703262599e-01
3.086067651963091407e-01
3.074344676044201696e-01
3.064347202745426046e-01
3.056493896857199188e-01
3.051565814887792216e-01
3.050736498950611386e-01
3.055543127765608657e-01
3.067776895963970629e-01
3.089204703151036124e-01
3.120816224001776718e-01
3.161355877639998591e-01
3.206528160844365205e-01
3.251073809878327059e-01
3.290145946603832416e-01
3.319151620912884071e-01
3.336400157011021883e-01
3.342751442232309023e-01
3.339923781240114464e-01
3.329815817896645269e-01
3.314289658424751095e-01
3.294991779163119472e-01
3.273206915379577309e-01
3.249838208369730252e-01
3.225582309168348316e-01
3.201222008118683737e-01
3.177707426061011642e-01
3.155874322154704759e-01
3.136172392279358290e-01
3.118657844794594514e-01
3.103146019576149550e-01
3.089395626021938512e-01
3.077260458834846779e-01
3.066794764803545958e-01
3.058332863934677404e-01
3.052556838519079330e-01
3.050537945601622392e-01
3.053725049078787057e-01
3.063859340854460656e-01
3.082757813136139946e-01
3.111725021163785909e-01
3.150238369355076173e-01
3.194710992062859134e-01
3.239852161332996694e-01
3.280806388019095743e-01
3.312706876507224285e-01
3.332969836518909768e-01
3.341984536554786778e-01
3.341347474675602225e-01
3.332937068055922825e-01
3.318641402120292572e-01
3.300179415869248789e-01
3.278937618468931170e-01
3.255909183579576704e-01
3.231817171265898847e-01
3.207399995615171640e-01
3.183581150305070939e-01
3.161260187893094042e-01
3.140996387377764654e-01
3.122935591007540146e-01
3.106937025416153797e-01
3.092757649597278613e-01
3.080215432993785862e-01
3.069305331727764097e-01
3.060283190234593387e-01
3.053736757013228442e-01
3.050636336759570688e-01
3.052338985597930487e-01
