2.144054766850929661e-01
2.144053407286927171e-01
2.144054408457788108e-01
2.144057298976927983e-01
2.144060890629315153e-01
2.144063886718389489e-01
2.144065423181752972e-01
2.144065327019488987e-01
2.144064042538920967e-01
2.144062326197723745e-01
2.144060885441191611e-01
2.144060121352711623e-01
2.144060055923796837e-01
2.144060429804701684e-01
2.144060889056276231e-01
2.144061161712415564e-01
2.144061152926094727e-01
2.144060938784589365e-01
2.144060686507796853e-01
2.144060553449536055e-01
2.144060613985177000e-01
2.144060839903541571e-01
2.144061130941209703e-01
2.144061371199489918e-01
2.144061481418187143e-01
2.144061445456251491e-01
2.144061305076324919e-01
2.144061131887488592e-01
2.144060993024743955e-01
2.144060926140951284e-01
2.144060931942142756e-01
2.144060983339475535e-01
2.144061043590979321e-01
2.144061083827611958e-01
2.144061092857828532e-01
2.144061077045616159e-01
2.144061052744304086e-01
2.144061036316816382e-01
2.144061036601994097e-01
2.144061052497450992e-01
2.144061075515492354e-01
2.144061095067143763e-01
2.144061103568738746e-01
2.144061099196178377e-01
2.144061085605498407e-01
2.144061069386171414e-01
2.144061056810607491e-01
2.144061051398115092e-01
2.144061053133342887e-01
2.144061059297811545e-01
2.144061066207090527e-01
2.144061070927985313e-01
2.144061072270283808e-01
2.144061070813605974e-01
2.144061068189368480e-01
2.144061066098659762e-01
2.144061065544764499e-01
2.144061066555528750e-01
2.144061068398128711e-01
2.144061070078427667e-01
2.144061070843598094e-01
2.144061070469883978e-01
2.144061069258942631e-01
2.144061067808199217e-01
2.144061066702609153e-01
2.144061066275975980e-01
2.144061066527615800e-01
2.144061067195434100e-01
2.144061067920297881e-01
2.144061068412846660e-01
2.144061068552855220e-01
2.144061068395472502e-01
2.144061068103488843e-01
2.144061067851373292e-01
2.144061067748014859e-01
2.144061067806256327e-01
2.144061067961001710e-01
2.144061068116681901e-01
2.144061068196870257e-01
2.144061068174236695e-01
2.144061068072447007e-01
2.144061067945489674e-01
2.144061067848345437e-01
2.144061067813457511e-01
2.144061067841750434e-01
2.144061067908835105e-01
2.144061067980418678e-01
2.144061068028443873e-01
2.144061068041003548e-01
2.144061068023334904e-01
2.144061067991492042e-01
2.144061067963046741e-01
2.144061067949389332e-01
2.144061067952485466e-01
2.144061067966393785e-01
2.144061067981790636e-01
2.144061067990857272e-01
2.144061067990379321e-01
2.144061067982130919e-01
2.144061067971018697e-01
