2.281074272187290364e-01
2.281074168733955299e-01
2.281004910010500097e-01
2.280897942126425826e-01
2.280794864374142417e-01
2.280731750021198490e-01
2.280726991524390235e-01
2.280776529978594813e-01
2.280857452451108547e-01
2.280937947708436830e-01
2.280989497359506846e-01
2.280996703070949372e-01
2.280961439586372264e-01
2.280900435840985119e-01
2.280837850235449271e-01
2.280795992179994736e-01
2.280787630493262275e-01
2.280812418309073608e-01
2.280858294910126371e-01
2.280906906334657647e-01
2.280940742778525265e-01
2.280949277151247123e-01
2.280932005000425034e-01
2.280897615528799938e-01
2.280859990305802720e-01
2.280832773888812337e-01
2.280824573498154151e-01
2.280836411875150349e-01
2.280862110471636450e-01
2.280891186976638507e-01
2.280912998687712745e-01
2.280920535868282140e-01
2.280912547032925564e-01
2.280893406898933384e-01
2.280871003846290657e-01
2.280853596940418948e-01
2.280846856496819008e-01
2.280852113426132532e-01
2.280866316204783750e-01
2.280883544539722696e-01
2.280897392060820816e-01
2.280903286717630707e-01
2.280899929822757521e-01
2.280889430190378153e-01
2.280876217168325559e-01
2.280865240886283951e-01
2.280860167866385624e-01
2.280862210017797487e-01
2.280869938258580087e-01
2.280880050045909213e-01
2.280888725414042528e-01
2.280893032570445178e-01
2.280891879054069982e-01
2.280886215974982367e-01
2.280878497608954669e-01
2.280871662489491469e-01
2.280868044548738371e-01
2.280868606469814985e-01
2.280872734538450519e-01
2.280878612212915435e-01
2.280883983066759602e-01
2.280886994188264516e-01
2.280886812874949321e-01
2.280883820364070225e-01
2.280879356061577545e-01
2.280875147785360879e-01
2.280872661126049361e-01
2.280872606303923356e-01
2.280874761464928291e-01
2.280878143678816139e-01
2.280881432704624234e-01
2.280883472333713191e-01
2.280883663866882516e-01
2.280882122910099230e-01
2.280879567447336720e-01
2.280877003617153842e-01
2.280875340646071336e-01
2.280875078352948004e-01
2.280876170683934778e-01
2.280878096168720837e-01
2.280880089853011827e-01
2.280881438527050664e-01
2.280881728330129699e-01
2.280880961685342323e-01
2.280879515101809085e-01
2.280877968622951335e-01
2.280876880109340143e-01
2.280876589793308373e-01
2.280877121328407919e-01
2.280878204816082777e-01
2.280879401563006281e-01
2.280880276279467489e-01
2.280880550987617605e-01
2.280880187906337564e-01
2.280879378991343409e-01
2.280878455111883529e-01
2.280877755029305787e-01
2.280877504587764393e-01
2.280877747900801333e-01
2.280878349753661660e-01
