2.265083844766228871e-01
2.265082875315697075e-01
2.265081984314012420e-01
2.265081176673331143e-01
2.265080455316454688e-01
2.265079821377632141e-01
2.265079274407633680e-01
2.265078812579162937e-01
2.265078432889205962e-01
2.265078131355372226e-01
2.265077903203773224e-01
2.265077743046416681e-01
2.265077645046534860e-01
2.265077603070650147e-01
2.265077610826540799e-01
2.265077661986625579e-01
2.265077750296545234e-01
2.265077869669029631e-01
2.265078014263324779e-01
2.265078178550689880e-01
2.265078357366608619e-01
2.265078545950521272e-01
2.265078739973964972e-01
2.265078935558101636e-01
2.265079129281667991e-01
2.265079318180396317e-01
2.265079499738980318e-01
2.265079671876643053e-01
2.265079832927336390e-01
2.265079981615565619e-01
2.265080117028780426e-01
2.265080238587222072e-01
2.265080346012019186e-01
2.265080439292307957e-01
2.265080518652006769e-01
2.265080584516867002e-01
2.265080637482286274e-01
2.265080678282337667e-01
2.265080707760366574e-01
2.265080726841444958e-01
2.265080736506913661e-01
2.265080737771166530e-01
2.265080731660784885e-01
2.265080719196070347e-01
2.265080701374984351e-01
2.265080679159463539e-01
2.265080653464029703e-01
2.265080625146607685e-01
2.265080595001424946e-01
2.265080563753840981e-01
2.265080532056965301e-01
2.265080500489887461e-01
2.265080469557348986e-01
2.265080439690686787e-01
2.265080411249865144e-01
2.265080384526435564e-01
2.265080359747258243e-01
2.265080337078823614e-01
2.265080316632031854e-01
2.265080298467294639e-01
2.265080282599836459e-01
2.265080269005072533e-01
2.265080257623982574e-01
2.265080248368374904e-01
2.265080241125982663e-01
2.265080235765312422e-01
2.265080232140217753e-01
2.265080230094132230e-01
2.265080229463954931e-01
2.265080230083555690e-01
2.265080231786893716e-01
2.265080234410745408e-01
2.265080237797047757e-01
2.265080241794865112e-01
2.265080246261985120e-01
2.265080251066184380e-01
2.265080256086160482e-01
2.265080261212174539e-01
2.265080266346419235e-01
2.265080271403144552e-01
2.265080276308571727e-01
2.265080281000617091e-01
2.265080285428456575e-01
2.265080289551964776e-01
2.265080293341038276e-01
2.265080296774848456e-01
2.265080299841023270e-01
2.265080302534801526e-01
2.265080304858159699e-01
2.265080306818940126e-01
2.265080308429991973e-01
2.265080309708332740e-01
2.265080310674348618e-01
2.265080311351037878e-01
2.265080311763306709e-01
2.265080311937317514e-01
2.265080311899904941e-01
2.265080311678046021e-01
2.265080311298397209e-01
2.265080310786895534e-01
