5.247509617203954813e-01
5.247509617410666127e-01
5.247509617591553654e-01
5.247509617749843702e-01
5.247509617888359568e-01
5.247509618009571497e-01
5.247509618115641095e-01
5.247509618208461291e-01
5.247509618289684097e-01
5.247509618360761685e-01
5.247509618422959710e-01
5.247509618477387283e-01
5.247509618525015851e-01
5.247509618566695844e-01
5.247509618603168891e-01
5.247509618635085582e-01
5.247509618663014352e-01
5.247509618687453692e-01
5.247509618708841028e-01
5.247509618727556058e-01
5.247509618743932958e-01
5.247509618758263716e-01
5.247509618770803685e-01
5.247509618781779350e-01
5.247509618791381669e-01
5.247509618799784947e-01
5.247509618807139065e-01
5.247509618813575027e-01
5.247509618819204968e-01
5.247509618824134359e-01
5.247509618828446465e-01
5.247509618832219003e-01
5.247509618835521916e-01
5.247509618838411827e-01
5.247509618840939805e-01
5.247509618843153589e-01
5.247509618845089818e-01
5.247509618846784019e-01
5.247509618848266166e-01
5.247509618849564017e-01
5.247509618850699775e-01
5.247509618851692315e-01
5.247509618852562729e-01
5.247509618853323232e-01
5.247509618853989366e-01
5.247509618854572233e-01
5.247509618855081825e-01
5.247509618855529245e-01
5.247509618855920044e-01
5.247509618856261993e-01
5.247509618856560643e-01
5.247509618856822655e-01
5.247509618857051361e-01
5.247509618857251201e-01
5.247509618857426617e-01
5.247509618857580938e-01
5.247509618857715274e-01
5.247509618857834068e-01
5.247509618857935099e-01
5.247509618858025027e-01
5.247509618858103853e-01
5.247509618858171576e-01
5.247509618858231528e-01
5.247509618858283709e-01
5.247509618858330338e-01
5.247509618858370306e-01
5.247509618858404723e-01
5.247509618858434699e-01
5.247509618858461344e-01
5.247509618858485769e-01
5.247509618858506864e-01
5.247509618858525737e-01
5.247509618858541280e-01
5.247509618858555713e-01
5.247509618858566816e-01
5.247509618858577918e-01
5.247509618858587910e-01
5.247509618858596792e-01
5.247509618858603453e-01
5.247509618858610114e-01
5.247509618858615665e-01
5.247509618858620106e-01
5.247509618858624547e-01
5.247509618858628988e-01
5.247509618858632319e-01
5.247509618858634539e-01
5.247509618858635649e-01
5.247509618858637870e-01
5.247509618858638980e-01
5.247509618858638980e-01
5.247509618858638980e-01
5.247509618858640090e-01
5.247509618858640090e-01
5.247509618858640090e-01
5.247509618858641200e-01
5.247509618858641200e-01
5.247509618858641200e-01
5.247509618858642311e-01
5.247509618858643421e-01
5.247509618858643421e-01
