5.742266614881041953e-01
5.742266614881043063e-01
5.742266614881043063e-01
5.742266614881044173e-01
5.742266614881044173e-01
5.742266614881045284e-01
5.742266614881044173e-01
5.742266614881045284e-01
5.742266614881044173e-01
5.742266614881044173e-01
5.742266614881044173e-01
5.742266614881044173e-01
5.742266614881044173e-01
5.742266614881044173e-01
5.742266614881044173e-01
5.742266614881044173e-01
5.742266614881044173e-01
5.742266614881044173e-01
5.742266614881044173e-01
5.742266614881044173e-01
5.742266614881044173e-01
5.742266614881044173e-01
5.742266614881044173e-01
5.742266614881044173e-01
5.742266614881044173e-01
5.742266614881044173e-01
5.742266614881044173e-01
5.742266614881044173e-01
5.742266614881044173e-01
5.742266614881044173e-01
5.742266614881044173e-01
5.742266614881044173e-01
5.742266614881044173e-01
5.742266614881044173e-01
5.742266614881044173e-01
5.742266614881044173e-01
5.742266614881044173e-01
5.742266614881044173e-01
5.742266614881044173e-01
5.742266614881044173e-01
5.742266614881044173e-01
5.742266614881044173e-01
5.742266614881044173e-01
5.742266614881044173e-01
5.742266614881044173e-01
5.742266614881044173e-01
5.742266614881044173e-01
5.742266614881044173e-01
5.742266614881044173e-01
5.742266614881044173e-01
5.742266614881044173e-01
5.742266614881044173e-01
5.742266614881044173e-01
5.742266614881044173e-01
5.742266614881044173e-01
5.742266614881044173e-01
5.742266614881044173e-01
5.742266614881044173e-01
5.742266614881044173e-01
5.742266614881044173e-01
5.742266614881044173e-01
5.742266614881044173e-01
5.742266614881044173e-01
5.742266614881044173e-01
5.742266614881044173e-01
5.742266614881044173e-01
5.742266614881044173e-01
5.742266614881044173e-01
5.742266614881044173e-01
5.742266614881044173e-01
5.742266614881044173e-01
5.742266614881044173e-01
5.742266614881044173e-01
5.742266614881044173e-01
5.742266614881044173e-01
5.742266614881044173e-01
5.742266614881044173e-01
5.742266614881044173e-01
5.742266614881044173e-01
5.742266614881044173e-01
5.742266614881044173e-01
5.742266614881044173e-01
5.742266614881044173e-01
5.742266614881044173e-01
5.742266614881044173e-01
5.742266614881044173e-01
5.742266614881044173e-01
5.742266614881044173e-01
5.742266614881044173e-01
5.742266614881044173e-01
5.742266614881044173e-01
5.742266614881044173e-01
5.742266614881044173e-01
5.742266614881044173e-01
5.742266614881044173e-01
5.742266614881044173e-01
5.742266614881044173e-01
5.742266614881044173e-01
5.742266614881044173e-01
5.742266614881044173e-01
