4.176491072818801498e-01
4.176491072818801498e-01
4.176491072818802053e-01
4.176491072818802053e-01
4.176491072818801498e-01
4.176491072818802053e-01
4.176491072818802053e-01
4.176491072818802053e-01
4.176491072818801498e-01
4.176491072818801498e-01
4.176491072818801498e-01
4.176491072818801498e-01
4.176491072818801498e-01
4.176491072818801498e-01
4.176491072818802053e-01
4.176491072818801498e-01
4.176491072818801498e-01
4.176491072818801498e-01
4.176491072818802053e-01
4.176491072818801498e-01
4.176491072818801498e-01
4.176491072818801498e-01
4.176491072818802053e-01
4.176491072818801498e-01
4.176491072818802053e-01
4.176491072818801498e-01
4.176491072818801498e-01
4.176491072818802053e-01
4.176491072818801498e-01
4.176491072818802053e-01
4.176491072818802053e-01
4.176491072818802053e-01
4.176491072818802053e-01
4.176491072818802608e-01
4.176491072818802053e-01
4.176491072818802053e-01
4.176491072818802053e-01
4.176491072818802053e-01
4.176491072818801498e-01
4.176491072818802608e-01
4.176491072818802053e-01
4.176491072818801498e-01
4.176491072818801498e-01
4.176491072818801498e-01
4.176491072818802053e-01
4.176491072818801498e-01
4.176491072818801498e-01
4.176491072818801498e-01
4.176491072818801498e-01
4.176491072818802053e-01
4.176491072818802053e-01
4.176491072818802053e-01
4.176491072818801498e-01
4.176491072818801498e-01
4.176491072818802053e-01
4.176491072818801498e-01
4.176491072818801498e-01
4.176491072818801498e-01
4.176491072818801498e-01
4.176491072818801498e-01
4.176491072818802053e-01
4.176491072818801498e-01
4.176491072818802053e-01
4.176491072818801498e-01
4.176491072818802053e-01
4.176491072818801498e-01
4.176491072818801498e-01
4.176491072818801498e-01
4.176491072818801498e-01
4.176491072818801498e-01
4.176491072818802053e-01
4.176491072818802053e-01
4.176491072818801498e-01
4.176491072818802053e-01
4.176491072818801498e-01
4.176491072818802053e-01
4.176491072818801498e-01
4.176491072818801498e-01
4.176491072818802053e-01
4.176491072818802053e-01
4.176491072818801498e-01
4.176491072818801498e-01
4.176491072818801498e-01
4.176491072818802053e-01
4.176491072818802053e-01
4.176491072818801498e-01
4.176491072818801498e-01
4.176491072818801498e-01
4.176491072818801498e-01
4.176491072818801498e-01
4.176491072818801498e-01
4.176491072818801498e-01
4.176491072818802053e-01
4.176491072818802053e-01
4.176491072818802053e-01
4.176491072818802053e-01
4.176491072818801498e-01
4.176491072818801498e-01
4.176491072818802053e-01
4.176491072818801498e-01
