2.770402635258641943e-01
2.770402635258643609e-01
2.770402635258643609e-01
2.770402635258641943e-01
2.770402635258641388e-01
2.770402635258641388e-01
2.770402635258641388e-01
2.770402635258641388e-01
2.770402635258641943e-01
2.770402635258641943e-01
2.770402635258641388e-01
2.770402635258641388e-01
2.770402635258641388e-01
2.770402635258641388e-01
2.770402635258641388e-01
2.770402635258641388e-01
2.770402635258641943e-01
2.770402635258641388e-01
2.770402635258641388e-01
2.770402635258641388e-01
2.770402635258641388e-01
2.770402635258641388e-01
2.770402635258641943e-01
2.770402635258641388e-01
2.770402635258641388e-01
2.770402635258641388e-01
2.770402635258641943e-01
2.770402635258641388e-01
2.770402635258641388e-01
2.770402635258641388e-01
2.770402635258641388e-01
2.770402635258641388e-01
2.770402635258641943e-01
2.770402635258641388e-01
2.770402635258641388e-01
2.770402635258641943e-01
2.770402635258641388e-01
2.770402635258641388e-01
2.770402635258641943e-01
2.770402635258641943e-01
2.770402635258641388e-01
2.770402635258641388e-01
2.770402635258641943e-01
2.770402635258641943e-01
2.770402635258641943e-01
2.770402635258641388e-01
2.770402635258641388e-01
2.770402635258641943e-01
2.770402635258641943e-01
2.770402635258641388e-01
2.770402635258641388e-01
2.770402635258641943e-01
2.770402635258641388e-01
2.770402635258641388e-01
2.770402635258641943e-01
2.770402635258641388e-01
2.770402635258641388e-01
2.770402635258641943e-01
2.770402635258641943e-01
2.770402635258641388e-01
2.770402635258641388e-01
2.770402635258641388e-01
2.770402635258641388e-01
2.770402635258641943e-01
2.770402635258641943e-01
2.770402635258641388e-01
2.770402635258641388e-01
2.770402635258641388e-01
2.770402635258641388e-01
2.770402635258641943e-01
2.770402635258641388e-01
2.770402635258641388e-01
2.770402635258641943e-01
2.770402635258641943e-01
2.770402635258641943e-01
2.770402635258641388e-01
2.770402635258641943e-01
2.770402635258641388e-01
2.770402635258641943e-01
2.770402635258641388e-01
2.770402635258641943e-01
2.770402635258641943e-01
2.770402635258642499e-01
2.770402635258641388e-01
2.770402635258641943e-01
2.770402635258641388e-01
2.770402635258641388e-01
2.770402635258641388e-01
2.770402635258641388e-01
2.770402635258641388e-01
2.770402635258641388e-01
2.770402635258641388e-01
2.770402635258641388e-01
2.770402635258641943e-01
2.770402635258641943e-01
2.770402635258641943e-01
2.770402635258641943e-01
2.770402635258641943e-01
2.770402635258641388e-01
2.770402635258641388e-01
