5.176313600950970262e-01
5.176311358778616922e-01
5.176309402975655116e-01
5.176307696966454541e-01
5.176306208846992440e-01
5.176304910788164237e-01
5.176303778515310983e-01
5.176302790854211411e-01
5.176301929335075380e-01
5.176301177847124624e-01
5.176300522337272669e-01
5.176299950547318396e-01
5.176299451784686090e-01
5.176299016722457624e-01
5.176298637224953092e-01
5.176298306195578069e-01
5.176298017444107558e-01
5.176297765570921916e-01
5.176297545866039851e-01
5.176297354221024438e-01
5.176297187052162352e-01
5.176297041233443030e-01
5.176296914038100994e-01
5.176296803087626630e-01
5.176296706307288442e-01
5.176296621887328531e-01
5.176296548249129659e-01
5.176296484015687760e-01
5.176296427985863646e-01
5.176296379111928747e-01
5.176296336479959681e-01
5.176296299292758585e-01
5.176296266854945038e-01
5.176296238559945362e-01
5.176296213878658348e-01
5.176296192349556513e-01
5.176296173570056336e-01
5.176296157188988722e-01
5.176296142900038699e-01
5.176296130436011111e-01
5.176296119563831288e-01
5.176296110080199631e-01
5.176296101807774663e-01
5.176296094591865682e-01
5.176296088297540621e-01
5.176296082807099186e-01
5.176296078017871283e-01
5.176296073840302991e-01
5.176296070196274579e-01
5.176296067017644997e-01
5.176296064244975126e-01
5.176296061826417549e-01
5.176296059716748443e-01
5.176296057876516032e-01
5.176296056271310064e-01
5.176296054871113439e-01
5.176296053649743767e-01
5.176296052584363760e-01
5.176296051655046027e-01
5.176296050844418906e-01
5.176296050137321192e-01
5.176296049520531239e-01
5.176296048982514941e-01
5.176296048513210346e-01
5.176296048103844472e-01
5.176296047746760109e-01
5.176296047435281489e-01
5.176296047163583269e-01
5.176296046926585070e-01
5.176296046719854882e-01
5.176296046539526907e-01
5.176296046382231619e-01
5.176296046245023597e-01
5.176296046125340444e-01
5.176296046020941732e-01
5.176296045929876799e-01
5.176296045850441452e-01
5.176296045781150212e-01
5.176296045720710781e-01
5.176296045667989620e-01
5.176296045622001962e-01
5.176296045581888494e-01
5.176296045546896485e-01
5.176296045516374233e-01
5.176296045489749975e-01
5.176296045466527440e-01
5.176296045446269201e-01
5.176296045428598891e-01
5.176296045413184554e-01
5.176296045399739754e-01
5.176296045388011358e-01
5.176296045377781763e-01
5.176296045368857790e-01
5.176296045361074016e-01
5.176296045354283892e-01
5.176296045348361963e-01
5.176296045343196095e-01
5.176296045338689700e-01
5.176296045334758400e-01
5.176296045331328921e-01
