3.723939026868872681e-01
3.723939026868873237e-01
3.723939026868873237e-01
3.723939026868873237e-01
3.723939026868873237e-01
3.723939026868873237e-01
3.723939026868873237e-01
3.723939026868873237e-01
3.723939026868873237e-01
3.723939026868873237e-01
3.723939026868873237e-01
3.723939026868873237e-01
3.723939026868874347e-01
3.723939026868873237e-01
3.723939026868873237e-01
3.723939026868873237e-01
3.723939026868873237e-01
3.723939026868873237e-01
3.723939026868873237e-01
3.723939026868873237e-01
3.723939026868873237e-01
3.723939026868874347e-01
3.723939026868873237e-01
3.723939026868873237e-01
3.723939026868873237e-01
3.723939026868873237e-01
3.723939026868873237e-01
3.723939026868873237e-01
3.723939026868873237e-01
3.723939026868873237e-01
3.723939026868873237e-01
3.723939026868873237e-01
3.723939026868873237e-01
3.723939026868873237e-01
3.723939026868873237e-01
3.723939026868873237e-01
3.723939026868873237e-01
3.723939026868873237e-01
3.723939026868873237e-01
3.723939026868873237e-01
3.723939026868873237e-01
3.723939026868873237e-01
3.723939026868873237e-01
3.723939026868874347e-01
3.723939026868873237e-01
3.723939026868874347e-01
3.723939026868873237e-01
3.723939026868873237e-01
3.723939026868873237e-01
3.723939026868873237e-01
3.723939026868874347e-01
3.723939026868873237e-01
3.723939026868873237e-01
3.723939026868873237e-01
3.723939026868873237e-01
3.723939026868873237e-01
3.723939026868873237e-01
3.723939026868873237e-01
3.723939026868873237e-01
3.723939026868873237e-01
3.723939026868873237e-01
3.723939026868873237e-01
3.723939026868873237e-01
3.723939026868873237e-01
3.723939026868873237e-01
3.723939026868873237e-01
3.723939026868873237e-01
3.723939026868873237e-01
3.723939026868873237e-01
3.723939026868873237e-01
3.723939026868873237e-01
3.723939026868873237e-01
3.723939026868873237e-01
3.723939026868873237e-01
3.723939026868873237e-01
3.723939026868873237e-01
3.723939026868873237e-01
3.723939026868873237e-01
3.723939026868873237e-01
3.723939026868873237e-01
3.723939026868873237e-01
3.723939026868873237e-01
3.723939026868873237e-01
3.723939026868873237e-01
3.723939026868873237e-01
3.723939026868873237e-01
3.723939026868873237e-01
3.723939026868873237e-01
3.723939026868873237e-01
3.723939026868873237e-01
3.723939026868873237e-01
3.723939026868874347e-01
3.723939026868874347e-01
3.723939026868873237e-01
3.723939026868873237e-01
3.723939026868873237e-01
3.723939026868873237e-01
3.723939026868874347e-01
3.723939026868873237e-01
3.723939026868874347e-01
