3.150695178620002012e-07
3.195188990509302066e-07
3.243612971311004978e-07
3.296133588319642343e-07
3.352950325169406833e-07
3.414295163045865349e-07
3.480433187203360922e-07
3.551663904907702054e-07
3.628323389675556089e-07
3.710787475110203959e-07
3.799475338252377393e-07
3.894854236433815527e-07
3.997445018432692889e-07
4.107828685464178878e-07
4.226654102238228297e-07
4.354647022229172801e-07
4.492620655666974016e-07
4.641488084047794706e-07
4.802276850204432719e-07
4.976146159720337078e-07
5.164407184689860970e-07
5.368547189582220703e-07
5.590258212491112565e-07
5.831471422613983772e-07
6.094398424321874894e-07
6.381580925815249697e-07
6.695951154736530702e-07
7.040905383823126020e-07
7.420394002539164827e-07
7.839032529704303640e-07
8.302239221902811523e-07
8.816406404132284024e-07
9.389115721945713753e-07
1.002940973359684960e-06
1.074813721266537101e-06
1.155839540014813208e-06
1.247610005717206835e-06
1.352072585910260267e-06
1.471627482983461342e-06
1.609255149524114584e-06
1.768685265728720993e-06
1.954621792081231893e-06
2.173043613091053407e-06
2.431606109888575858e-06
2.740174259097022062e-06
3.111518683892393989e-06
3.562191501826024779e-06
4.113541420173133948e-06
4.792662905419635672e-06
5.632658831379325635e-06
