6.388650341723008360e-06
6.227621076125487191e-06
7.053425848374407882e-06
9.870690983407441699e-06
1.495019312056527766e-05
2.242909659489934765e-05
3.253213090015459331e-05
4.303307829080141295e-05
4.666256516510680662e-05
4.398375613594463781e-05
4.021985900000379346e-05
3.678469033992777228e-05
3.439183231991517503e-05
3.333439063578106997e-05
3.321830315013237671e-05
3.252747835132489536e-05
2.970058837531043138e-05
2.526734765820070041e-05
2.091653010971537209e-05
1.772745296467050381e-05
1.598463342026501874e-05
1.539309773818511238e-05
1.546878362203834022e-05
1.568687949325701239e-05
1.571527017402333208e-05
1.584368381751311613e-05
1.607179722082218660e-05
1.619044974945731729e-05
1.600853312918806707e-05
1.560233323517013764e-05
1.604731573130945170e-05
2.003241750835030088e-05
2.973108883352190219e-05
4.501088743099203142e-05
6.375966088335979429e-05
7.892567109430166498e-05
8.048439380118373036e-05
7.206785785002789717e-05
6.310735102866431073e-05
5.678894985202193919e-05
5.354991312684234623e-05
5.190584225607832965e-05
4.950684078872406770e-05
4.520566806818117746e-05
3.974177812274041989e-05
3.448249163082429361e-05
3.044800977281588160e-05
2.806337420175326175e-05
2.701023336857929694e-05
2.668946469627428691e-05
