2.514837222612276356e-07
2.329625755598119759e-07
2.159059321896792570e-07
2.001880777193994887e-07
1.856950779878926578e-07
1.723237399610805416e-07
1.599807063761431655e-07
1.485816314630848086e-07
1.380503852855699210e-07
1.283180004849219134e-07
1.193209390472451194e-07
1.109990974154048441e-07
1.032954318850437770e-07
9.615739646924093923e-08
8.953786641125080898e-08
8.339485015586830152e-08
7.769075558002743840e-08
7.239171333417638339e-08
6.746704640386861731e-08
6.288885361262189720e-08
5.863168062708544611e-08
5.467224755737314070e-08
5.098922681034500563e-08
4.756305965743167232e-08
4.437580874297437211e-08
4.141101049561907718e-08
3.865345770630924807e-08
3.608877900902837740e-08
3.370298936591857127e-08
3.148253220809859237e-08
2.941475254049097856e-08
2.748818104149929647e-08
2.569247374747477708e-08
2.401825682216022771e-08
2.245697665156516520e-08
2.100079099267364821e-08
1.964248298518352754e-08
1.837539619942071350e-08
1.719337499124324527e-08
1.609072924391103964e-08
1.506218831597049349e-08
1.410287689668952501e-08
1.320828222107685534e-08
1.237419991141695992e-08
1.159661496487938448e-08
1.087158963667009732e-08
1.019530095936902526e-08
9.564177708498424706e-09
8.974969528475659006e-09
8.424727863845780322e-09
