5.556399676158349376e-07
5.671897249610203316e-07
5.776009393592996258e-07
5.866550049897125462e-07
5.941337868163260007e-07
5.998266262078430205e-07
6.035382010910554087e-07
6.050968905887844401e-07
6.043631583247747336e-07
6.012374112908634191e-07
5.956667008463005614e-07
5.876497317789668370e-07
5.772396242360818585e-07
5.645441520399547805e-07
5.497232739919928319e-07
5.329840810777141936e-07
5.145734667794538077e-07
4.947690842033969514e-07
4.738691655323264147e-07
4.521819694699838132e-07
4.300154922440311856e-07
4.076680988042671333e-07
3.854204612654056485e-07
3.635291634476740730e-07
3.422220666645028330e-07
3.216954462431576154e-07
3.021127599432668479e-07
2.836048151382069461e-07
2.662710986848509936e-07
2.501819583939439492e-07
2.353813920696930514e-07
2.218901830166715266e-07
2.097091628753840605e-07
1.988224598023632115e-07
1.892005736213496352e-07
1.808032191743122947e-07
1.735818418483360589e-07
1.674818163357726331e-07
1.624442705323800021e-07
1.584075807897331634e-07
1.553085191799462271e-07
1.530831012237250298e-07
1.516671472717032694e-07
1.509965887749733925e-07
1.510075518733634003e-07
1.516362428018847145e-07
1.528186880738118472e-07
1.544903454950027024e-07
1.565856200326235216e-07
1.590373415080996116e-07
