1.739414247999022776e-06
1.537724315242068587e-06
1.279022390045671237e-06
1.056662086277442131e-06
9.062901320563722662e-07
8.230811408436178049e-07
7.947267623805395870e-07
8.148111719932032933e-07
8.873651008352935975e-07
1.027526539008924480e-06
1.260452160951703708e-06
1.619094490003292850e-06
2.064442526166150575e-06
2.239892644281940353e-06
1.930799221823695745e-06
1.704760534327042126e-06
1.659859591921151123e-06
1.831953075002581254e-06
2.261202392733469804e-06
2.827348396099718040e-06
4.414818538860355690e-06
3.999547394439057166e-06
4.486211169273977565e-06
3.222627671837760869e-06
2.565586310196107339e-06
2.773105920089351022e-06
4.148996332506776673e-06
3.524235612531189689e-06
4.310589748704685190e-06
4.600338807977652712e-06
4.941550798473322723e-06
4.314754537951675723e-06
3.414244716914533281e-06
2.809616971069799756e-06
2.468854115102630198e-06
1.999360724809855517e-06
1.724479876065061257e-06
1.662497209067872437e-06
1.669539078590508116e-06
1.695500653984809257e-06
1.853276842377616356e-06
2.246227346774936122e-06
2.687780178048024870e-06
2.981134639075400444e-06
2.902302310592963566e-06
2.807335839146835581e-06
2.413217914626457530e-06
1.766460183571459068e-06
1.406471489056806498e-06
1.346462954010971005e-06
