1.544196564728991068e-03
1.421586478513737388e-03
1.360447833818766075e-03
1.032556467336543824e-03
6.605177826831785818e-04
4.026245483308953099e-04
2.523538728380724091e-04
1.693576194325810457e-04
1.296428683180267101e-04
1.184491391739491296e-04
1.238272035823277184e-04
1.379990568753930447e-04
1.569685367377672471e-04
1.776565268745840492e-04
1.991852611579104807e-04
2.221843142183151847e-04
2.448651643567994725e-04
2.632042526945394564e-04
2.729047808309076101e-04
2.708888346554778697e-04
2.565863563873091490e-04
2.324346262923748449e-04
2.025846791808576155e-04
1.712063721600388976e-04
1.414256692485167210e-04
1.150557070554577096e-04
9.272727830931352402e-05
7.431688967879634391e-05
5.935621967663006881e-05
4.728969897648914315e-05
3.759614734899819374e-05
2.982950199651267226e-05
2.362209283402283644e-05
1.867457804577918876e-05
1.474371204311705374e-05
1.163190612722587601e-05
9.179216156966928642e-06
7.257590308488851274e-06
5.767528162258382881e-06
4.638200654878755977e-06
3.833428672356059871e-06
3.350006119790415964e-06
2.934403304835923620e-06
2.354899937645244480e-06
1.938166219093357317e-06
1.648515940875173060e-06
1.318334423610775742e-06
9.911993631120377366e-07
7.429544318673446900e-07
5.731039140865109427e-07
