6.606098120801179782e-06
6.761117814755818490e-06
6.746145716688638539e-06
6.757376796085026849e-06
7.074912418636537383e-06
7.595406879062888191e-06
8.267658956390835649e-06
9.317849595826917166e-06
1.074876488238109006e-05
1.195827067216207028e-05
1.264862667552819005e-05
1.295268667466990505e-05
1.318911248260864296e-05
1.382577869495275097e-05
1.475399035551650159e-05
1.553775783228366546e-05
1.564806357847282561e-05
1.501752595986703948e-05
1.407766890908622001e-05
1.322150347306381351e-05
1.264072755256670141e-05
1.224444107459367835e-05
1.174392205547481658e-05
1.108628718796398052e-05
1.056073903847495584e-05
1.048150220660683483e-05
1.094228639659297264e-05
1.194686958237750724e-05
1.327791007326378890e-05
1.474814496324505852e-05
1.624593719667760899e-05
1.729015569729216176e-05
1.784116344151805150e-05
1.812387689428796543e-05
1.855411475081137739e-05
1.929805847575439737e-05
2.039248969372154394e-05
2.201868021121992203e-05
2.431088212877731113e-05
2.681999400537815535e-05
2.902159612071757286e-05
3.064729915590196817e-05
3.126379309757439193e-05
3.027553118467901687e-05
2.736021529334313273e-05
2.325810778177193108e-05
1.935084452665498117e-05
1.657792284770078477e-05
1.498129650318130206e-05
1.422504379593610938e-05
