1.330418462075322620e-07
1.220688453604238213e-07
1.021347572218498532e-07
8.303956423280569638e-08
7.702761490078798344e-08
8.419542533944281590e-08
9.481199627085199425e-08
1.009777939930146515e-07
9.930364778957580764e-08
9.007007615546781157e-08
7.620940854905407734e-08
6.363041701467050337e-08
5.944853011950720443e-08
6.479115799290126009e-08
7.413034900588457427e-08
8.053402517450790798e-08
8.008373773613918520e-08
7.239523385755175203e-08
6.019445310362467903e-08
4.958335537863868156e-08
4.719594446040383526e-08
5.216071758463839145e-08
5.874127276209246053e-08
6.224866914828498328e-08
6.072541646056338830e-08
5.448498598817797772e-08
4.563382192579209171e-08
3.826562188040289046e-08
3.667410876313317848e-08
4.061112612797777054e-08
4.618897787558233186e-08
4.941371334279680079e-08
4.836089736461051591e-08
4.314209890596635140e-08
3.567377285377727418e-08
2.979430726895921934e-08
2.907975292620993767e-08
3.245997008724920232e-08
3.646341339919345565e-08
3.833797686102232624e-08
3.702395651740546387e-08
3.284057754488771567e-08
2.727899161168516321e-08
2.308817096028161885e-08
2.270995084856722847e-08
2.544471067065117126e-08
2.873188934639242953e-08
3.030462232661874102e-08
2.923150149608020437e-08
2.575771530289877009e-08
