6.338939663601621222e-07
6.783052656366013425e-07
6.693100973312810281e-07
6.315383816537055180e-07
6.066572918799358634e-07
6.364012069001885941e-07
7.515895845937391216e-07
9.576637214875290419e-07
1.206123447598910329e-06
1.344049054042912626e-06
1.250876521013131361e-06
1.055349962457651959e-06
8.281873963225500241e-07
6.007121670543337850e-07
4.220097181681563037e-07
3.034624767569284153e-07
2.288412022686286070e-07
1.807517008193523868e-07
1.482339334532533893e-07
1.254644418786054942e-07
1.095677794853983957e-07
9.913319611311380015e-08
9.331152297336414787e-08
9.129841780586435867e-08
9.214442335268328414e-08
9.480980576777441406e-08
9.829988702242378162e-08
1.017583323298364994e-07
1.045012861430509962e-07
1.060233429504012803e-07
1.059985764564025466e-07
1.042805322078371382e-07
1.008944290992640007e-07
9.601413411671020651e-08
8.992266029203128593e-08
8.296249043545330135e-08
7.548642453759499795e-08
6.781864792368092884e-08
6.023091626770321930e-08
5.293333625601487731e-08
4.607581500761646637e-08
3.975546311832673706e-08
3.402624095530533094e-08
2.890867896231098238e-08
2.439862970369118600e-08
2.047446405162223197e-08
1.710262991468688344e-08
1.424176617851939930e-08
1.184565783726876388e-08
9.865285495303183460e-09
