1.281640598089366032e-06
9.688017734563516188e-07
6.454326786577140457e-07
5.284661665148241724e-07
4.316651786995023914e-07
3.727295118723865519e-07
3.521209749322979757e-07
3.549871584888808333e-07
3.747808748185102433e-07
3.957365360417844029e-07
4.031134278190185551e-07
3.995260214976215833e-07
3.963387875115861498e-07
4.048409092399849011e-07
4.266284303649852514e-07
4.694793867440151479e-07
5.528746651752990088e-07
7.572535670924421617e-07
1.073419629804094429e-06
1.038827939023080728e-06
1.360773727961546979e-06
2.028423322164048293e-06
2.021134533115301327e-06
2.182006689483336953e-06
1.704950919486757782e-06
2.195855224250815995e-06
2.601941720669107916e-06
1.845638307236187833e-06
1.314586425923080488e-06
1.844215149138089305e-06
2.323516836845202033e-06
1.344741353499508876e-06
6.727943489025830365e-07
6.127379748269557011e-07
5.879986380320325166e-07
4.900573491597230449e-07
4.143124229052716041e-07
4.501080237970730649e-07
4.977131057987719895e-07
5.604878095847025070e-07
7.235847760789363621e-07
6.726499138213110250e-07
3.464502546607935403e-07
2.314056393540231263e-07
1.767319966150790190e-07
1.516770851104437851e-07
1.306409339634700734e-07
1.100536227215657876e-07
1.008262154743961858e-07
1.023606710753371454e-07
