5.966492593688770271e-10
5.246080811646376692e-10
4.611904916948725484e-10
4.053471736323468444e-10
3.562185224733285132e-10
3.130688945248838186e-10
2.752556139782895617e-10
2.421871917206516984e-10
2.133182916415610460e-10
1.881399754271981263e-10
1.661946043395235382e-10
1.470561928320152825e-10
1.303397117060124374e-10
1.157010640054029293e-10
1.028275581179094080e-10
9.144028133495580021e-11
8.131180836538949507e-11
7.226587080466597779e-11
6.415727556800568033e-11
5.687795822691947412e-11
5.034049558496570732e-11
4.447581851834435633e-11
3.922476540669214890e-11
3.453888819798331653e-11
3.037568480655421690e-11
2.669028460909481193e-11
2.343967801566431623e-11
2.058440611613870623e-11
1.808790479198430770e-11
1.590836739957516290e-11
1.400528809573051303e-11
1.233977581725829241e-11
1.087765563524764679e-11
9.590086913359575375e-12
8.453962714855049451e-12
7.450545746099378895e-12
6.565977611183926255e-12
5.786092676585856257e-12
5.099340654266457377e-12
4.495641201908500253e-12
3.963839612893345767e-12
3.498632776873465530e-12
3.088881777253250365e-12
2.727925984332327369e-12
2.408513710866015293e-12
2.126519791386224157e-12
1.877218356731321386e-12
1.657974050450363056e-12
1.464187715646821572e-12
1.293758987225775646e-12
