2.651208189841645900e-06
2.321894985302448015e-06
2.055661498187136637e-06
1.871658065755914689e-06
1.736067256143512375e-06
1.637553729956692344e-06
1.634397247511884711e-06
1.849812495674013090e-06
2.391110098177541348e-06
3.253070374717258744e-06
4.164411985712995125e-06
4.370680801073805004e-06
3.411437487268013291e-06
2.456021836945308127e-06
2.308755884817070302e-06
2.500964040706227550e-06
2.638240185362764281e-06
2.661405603086691431e-06
2.648767250530954501e-06
2.716998560446003777e-06
2.899588276151181384e-06
3.049651189881100685e-06
2.994329034005141850e-06
2.738798316258509128e-06
2.435036691648858776e-06
2.199741667176725313e-06
2.035850900610742563e-06
1.911385877977808419e-06
1.848255257949949523e-06
1.951332423313631146e-06
2.353808801206338785e-06
3.110183699930344295e-06
4.085619448020219241e-06
4.715242090456572973e-06
4.205053503381827397e-06
3.095186216280566960e-06
2.606829150835709219e-06
2.645870941375863552e-06
2.756906838438546914e-06
2.751498329960368088e-06
2.648485658048449431e-06
2.564187656304348316e-06
2.599939979181158910e-06
2.706789627248412559e-06
2.726431828447391477e-06
2.606890968427625678e-06
2.479613176855420148e-06
2.466553955555757555e-06
2.434494200290726985e-06
2.266787867815998695e-06
