2.574436597740202565e-06
2.532514961567238755e-06
2.593669569597410096e-06
2.783941472051031431e-06
3.032204068094249244e-06
3.329164829235299858e-06
3.820716552707654115e-06
4.598622405849981644e-06
5.278823147442440431e-06
5.127551071487563077e-06
4.311715633597389474e-06
3.524128841310325102e-06
2.913469597069578538e-06
2.460425352807874446e-06
2.199669759116259059e-06
2.087939754433612208e-06
2.038028949082678560e-06
2.046028440944662193e-06
2.137640429718857900e-06
2.280259902026497335e-06
2.467840437189987318e-06
2.715024040706770445e-06
2.967839680453411796e-06
3.177252427708358793e-06
3.378593728559714552e-06
3.612649900151604605e-06
3.820629279013533375e-06
3.838796627067526456e-06
3.619810565191539293e-06
3.370094679522148805e-06
3.306020825692709720e-06
3.526537385549579979e-06
3.960838483780580876e-06
4.219367795737434465e-06
3.912591238829932419e-06
3.255160791762899650e-06
2.693176888813708044e-06
2.260925833785198095e-06
2.090031435463594790e-06
2.133342962612063217e-06
2.097509296065429146e-06
1.964925518325226824e-06
1.965946141473480064e-06
2.165992892614189245e-06
2.314304059605433340e-06
2.370840620505094421e-06
2.478634986475658487e-06
2.552320587041000563e-06
2.517711896355954167e-06
2.494337175427131454e-06
