8.811466413904201603e-07
8.664091316258230518e-07
8.453861427821886669e-07
8.191223638162088236e-07
7.895874652620816099e-07
7.595038979082170418e-07
7.320526248791609432e-07
7.104207652069576251e-07
6.971980176332042205e-07
6.937682774205287183e-07
6.999752457380693136e-07
7.142576187149067988e-07
7.341525763604405970e-07
7.568635762444217504e-07
7.796620946847769641e-07
8.000886869753587673e-07
8.160370090712492315e-07
8.258043734601682020e-07
8.281454450697010257e-07
8.223402751249700056e-07
8.082804353464907106e-07
7.865597248532136689e-07
7.585350672351636239e-07
7.263181588405959700e-07
6.926730917207849734e-07
6.608153645469208379e-07
6.340906551964877970e-07
6.154708590861890276e-07
6.068867273193674091e-07
6.086589905895601184e-07
6.194069434535858660e-07
6.365367608397055899e-07
6.570004866836311692e-07
6.779373382125214395e-07
6.970364758771606631e-07
7.126641152465765073e-07
7.238514718785490338e-07
7.302195047126637011e-07
7.318951548960347889e-07
7.294515487983994530e-07
7.238620716674224891e-07
7.164219300545645575e-07
7.085935523547020230e-07
7.017671473142595372e-07
6.969757279346788304e-07
6.946472809253207843e-07
6.944847938449618242e-07
6.955218060071397039e-07
6.963355799183892301e-07
6.953512053598247508e-07
