1.923443397355694296e-04
1.956640220452480756e-04
1.948810455714193796e-04
1.903820046267173656e-04
1.821122726151217007e-04
1.707372946678917193e-04
1.580980981321883187e-04
1.451096258116393086e-04
1.325604079952847378e-04
1.230134743941564950e-04
1.194377422486611227e-04
1.197612537179151880e-04
1.211095517387350171e-04
1.287906185168369148e-04
1.321145499022097756e-04
1.318285895035509398e-04
1.329588853504851955e-04
1.360286524050226980e-04
1.415059708566144430e-04
1.498124159825311985e-04
1.616026770173111925e-04
1.774414477580871967e-04
1.977226481085801789e-04
2.232929243584767950e-04
2.541696490198140190e-04
2.918220356595423344e-04
3.356085448807564434e-04
3.846188280593372272e-04
4.373179696769002997e-04
4.919722777998111751e-04
5.475232857002343672e-04
6.052271093347813113e-04
6.708231549118279105e-04
7.570140751910941004e-04
8.869584970988646493e-04
1.100350139755124513e-03
1.459827256966766355e-03
2.039756659203417755e-03
2.830974077135350181e-03
3.577203476377360022e-03
3.927085012454945359e-03
3.631501704002342620e-03
2.788493832324554292e-03
2.093437901201637263e-03
1.841823170780115121e-03
1.920763035754794335e-03
1.997814709696454048e-03
1.902084422157767577e-03
1.963263813446664008e-03
2.273598828200379309e-03
