2.151704142166360745e-02
2.565931994906824748e-02
2.451833199436926486e-02
1.889115012249426712e-02
1.515939145636233977e-02
1.521977298231453821e-02
1.550837257398693034e-02
1.609191761209093768e-02
1.786764135105912282e-02
1.883449247096011941e-02
1.798349643142235429e-02
1.538219696232348208e-02
1.224870124725114216e-02
9.655540600979978239e-03
7.490824918040217724e-03
5.996555830745788768e-03
5.437654103208530362e-03
5.853644210691110253e-03
7.002222032293862683e-03
8.297973272458746691e-03
9.018717739860845212e-03
8.776820482503635418e-03
7.836348145606152060e-03
6.875057476114258652e-03
6.532088521130785357e-03
7.102599020490573019e-03
8.624990633004118654e-03
1.111866369536427916e-02
1.405382524419153401e-02
1.544757199886827650e-02
1.428688807281316628e-02
1.349103521873576059e-02
1.399698140388213816e-02
1.418023615931119849e-02
1.547122394897019679e-02
1.837782963569374595e-02
1.975422112009118242e-02
1.838794670661175745e-02
1.506777347950501514e-02
1.178101168107018731e-02
9.372174003372601286e-03
7.426457380138985417e-03
6.157005672220465173e-03
5.758386451903529241e-03
6.313930990426398597e-03
7.713013416779326663e-03
9.305862397266946584e-03
1.008388992013597302e-02
9.514884725115718700e-03
8.028595525544583028e-03
