5.392021022247932560e-01
5.466739598680721013e-01
5.495321904214500730e-01
5.507474756029406837e-01
5.508359628459393864e-01
5.486436887343022484e-01
5.458945409767606005e-01
5.484717268988108518e-01
5.380858425660856037e-01
5.188141181335551577e-01
5.023574692113869089e-01
4.773617784740394332e-01
4.615859655697235331e-01
4.594647067762364645e-01
4.596401723653233407e-01
4.564239932719630910e-01
4.445223862164457418e-01
4.291835150494939244e-01
4.206091269544954825e-01
4.277644993499417625e-01
4.503865739091841291e-01
4.773352714328051860e-01
4.964421188929072359e-01
5.037028018302028842e-01
5.053546996792628310e-01
5.067027444477619769e-01
5.095854206488629190e-01
5.144131730945467051e-01
5.212724330489840741e-01
5.304386343347716748e-01
5.412438229919653843e-01
5.486180986193989195e-01
5.513283591077656753e-01
5.523777570986924124e-01
5.523890532582410584e-01
5.501759010045790266e-01
5.471300285877981340e-01
5.494590492019548744e-01
5.391404489401783184e-01
5.196155891887708211e-01
5.028373465475948212e-01
4.777082579509047688e-01
4.617725367418009652e-01
4.596188335219107413e-01
4.597870263974193072e-01
4.566071603815068380e-01
4.448006033511957003e-01
4.295240167291244360e-01
4.210272223259173829e-01
4.284152052909829256e-01
