2.494991692886797314e-04
2.874721035658464249e-04
3.412208950305319370e-04
4.198204801496800004e-04
5.319947039846114256e-04
6.818796406589935563e-04
8.545244471849985099e-04
9.487116369993024581e-04
8.378728140608252906e-04
6.114653654765145590e-04
4.234056114375190673e-04
3.158776351561112436e-04
2.661788123009455271e-04
2.506488942980065419e-04
2.588856905073008458e-04
2.870234824428214977e-04
3.296378456734045965e-04
3.847953482634190845e-04
4.641877519207492087e-04
5.821049010246166344e-04
7.398312247579366934e-04
9.209300646884792168e-04
1.093691457900441673e-03
1.163440070877628379e-03
9.904559622076966607e-04
6.917271724575428746e-04
5.082062730432659273e-04
4.314130056489935455e-04
3.993934457415329879e-04
4.203285569587240185e-04
5.595386882890406120e-04
8.996427379776390440e-04
1.431892898490994643e-03
1.520026384515157838e-03
1.100254909125662501e-03
7.116991129042690408e-04
4.402879743787724179e-04
2.798290412010760188e-04
2.100170902623365644e-04
2.001664070501743499e-04
2.248386284664815921e-04
2.769045882455120513e-04
3.688531778791215754e-04
5.296557639773381756e-04
7.656604306714283542e-04
9.736331281628084981e-04
1.038584570746668191e-03
9.573140120860762969e-04
9.414374954235104221e-04
1.072174612358204899e-03
