2.048430565343419829e+01
1.963220345715474835e+01
2.003274095588419712e+01
1.916214758142081820e+01
1.978147538847471765e+01
1.937199439356098907e+01
1.930515221112521118e+01
2.128376510127861110e+01
2.118617631710183247e+01
2.079499082737532945e+01
1.999014669367415564e+01
2.041058974321162367e+01
1.973461468098371085e+01
2.172257470163126669e+01
2.157319040408618704e+01
1.964115011965255775e+01
1.952639602099770144e+01
1.971186187417544744e+01
1.965170370352546669e+01
1.978370431917788608e+01
1.926523904682016308e+01
1.792559181677993507e+01
1.999362151731726911e+01
2.044790900588613525e+01
2.037178658595036396e+01
2.011424345307620953e+01
2.071457730828857180e+01
1.949027886281861655e+01
1.997606569498068296e+01
2.067414391383851324e+01
2.066377291376249303e+01
1.923559342873986822e+01
2.057675714382766685e+01
2.010225033605258815e+01
1.969371869437528844e+01
2.023807992691044433e+01
2.052199918231753983e+01
2.028090549022796196e+01
1.891773435760300259e+01
1.923570054953145814e+01
1.946459532931362446e+01
2.096917853412839250e+01
1.984744291269804606e+01
1.941587284579624395e+01
1.950308938425852645e+01
2.050080481624690165e+01
1.886876104548909439e+01
1.966747224263156113e+01
1.819878623780567750e+01
1.814097007231879388e+01
