6.000996639144976803e-05
6.214561658347497351e-05
6.439080814177772531e-05
6.675453596900754330e-05
6.923122684525624476e-05
7.179873094125577043e-05
7.441960344573226032e-05
7.704420713174270959e-05
7.962013194465706386e-05
8.211639367396218769e-05
8.455890532327011225e-05
8.705107498212702444e-05
8.974784568656537901e-05
9.276576934866428113e-05
9.608683910253281953e-05
9.960522269549471422e-05
1.032744789913577681e-04
1.071478410518231255e-04
1.112849471852509956e-04
1.156633167073771549e-04
1.201724073295871883e-04
1.246520460796390450e-04
1.289599231088400691e-04
1.330755945372608085e-04
1.371486864696239247e-04
1.413933150552364225e-04
1.459453139087634030e-04
1.508405127113747793e-04
1.560736387656487816e-04
1.616413234003532564e-04
1.675504863964800116e-04
1.738097738174108127e-04
1.804190439374510574e-04
1.873670442656449658e-04
1.946377637748726390e-04
2.022178207136938967e-04
2.101007954933321875e-04
2.182895199109239747e-04
2.267971551512329973e-04
2.356458336308449482e-04
2.448612661454173628e-04
2.544641220065412446e-04
2.644620732331262993e-04
2.748461008943037936e-04
2.855908292871688374e-04
2.966567672581217423e-04
3.079965781876568744e-04
3.195735439238668553e-04
3.313947682569078437e-04
3.435400749003702289e-04
