3.710226084816668808e-08
3.323200981153388472e-08
2.998123137924239874e-08
2.726071449529189148e-08
2.499565798367717992e-08
2.312325728136231613e-08
2.159076531417071318e-08
2.035396176572259417e-08
1.937596611288980167e-08
1.862630995948783726e-08
1.808020440041067804e-08
1.771790923013870719e-08
1.752422704474779589e-08
1.748808790617272023e-08
1.760226512642443474e-08
1.786321501572933062e-08
1.827104827664907095e-08
1.882964477162538537e-08
1.954694461628778694e-08
2.043543166614812741e-08
2.151289132651915788e-08
2.280348665035967424e-08
2.433928031223805985e-08
2.616234666553561833e-08
2.832774005570469540e-08
3.090767946677029856e-08
3.399753724485947615e-08
3.772452070703602449e-08
4.226048108162915444e-08
4.784115790454369029e-08
5.479572501244701496e-08
6.359321871834922938e-08
7.491740616343063848e-08
8.979094093524877565e-08
1.097875550944136578e-07
1.374067061505828172e-07
1.767588577041745000e-07
2.348711502412090967e-07
3.243022016304525013e-07
4.685374116978287460e-07
7.092189903321322954e-07
1.044969860609014877e-06
1.069941564525360029e-06
7.970201759637506716e-07
5.923672126252408652e-07
4.758109503489760146e-07
3.737214822950389562e-07
2.785133030147564136e-07
2.103271202200972628e-07
1.841090011250671689e-07
