5.616252288232397733e-08
5.105837464498538709e-08
4.704630240919343123e-08
4.388298538157334277e-08
4.138161981626325839e-08
3.939803742551906634e-08
3.782065189109201078e-08
3.656294644412848825e-08
3.555774105447111388e-08
3.475279530966933390e-08
3.410740397937274797e-08
3.358978654544779577e-08
3.317507303660280601e-08
3.284375079540625524e-08
3.258046266428689875e-08
3.237309932397659271e-08
3.221208495328422861e-08
3.208982426554411590e-08
3.200028743417583155e-08
3.193867337858749424e-08
3.190115641018337996e-08
3.188468194444882168e-08
3.188681457829796046e-08
3.190560745499131640e-08
3.193950791182829938e-08
3.198728229999948663e-08
3.204794976724555097e-08
3.212073730720746708e-08
3.220503795526774840e-08
3.230038228116434222e-08
3.240641019605637428e-08
3.252285771298028569e-08
3.264953278215488970e-08
3.278630961642389538e-08
3.293311445747396933e-08
3.308991854094585987e-08
3.325673428229026586e-08
3.343360520073701795e-08
3.362060552888321345e-08
3.381783611390816304e-08
3.402542153173029324e-08
3.424350926224071004e-08
3.447226734718238884e-08
3.471188224106688920e-08
3.496256159698813548e-08
3.522452829975598134e-08
3.549802736010567803e-08
3.578331738761812743e-08
3.608067997522044936e-08
3.639041029689970097e-08
