9.706387843419899970e-05
6.508216817540514551e-05
3.823387664569538510e-05
2.019206515831470345e-05
1.137118126127404329e-05
8.499088515896914320e-06
6.920009940707111447e-06
5.347273520207806942e-06
3.851565842855636336e-06
2.461343802640482603e-06
1.608800143698222965e-06
1.236234816320059869e-06
9.868807506947017753e-07
7.983634790909005358e-07
6.897828012024919307e-07
6.770301750907554719e-07
7.551815857716040236e-07
8.874169916177509539e-07
1.019513748903838410e-06
1.083167656438636910e-06
1.100786143158570851e-06
1.239827022573886794e-06
1.415840254551465220e-06
1.309250857135118947e-06
1.075549885949940594e-06
1.091597788530907417e-06
1.295893901582317319e-06
1.428309282418491185e-06
1.216727131402674155e-06
9.200989701831532554e-07
8.327005756999439354e-07
8.377116103786477806e-07
8.587037016052074876e-07
8.442293656987083818e-07
7.769912975858200742e-07
7.271073513846262032e-07
7.321225288365840868e-07
7.566117412242640555e-07
7.569392850167710414e-07
7.178388828979030415e-07
6.850535267711395253e-07
6.643715197054893648e-07
6.359631056591639236e-07
6.199944105731569582e-07
6.399738987865981897e-07
6.772890952157597243e-07
6.836898503222736312e-07
6.467780550203088961e-07
5.960719326657790506e-07
5.659529248080852882e-07
