9.508088631315502089e-05
9.453585896704042859e-05
9.349191166002530646e-05
9.162015339647623310e-05
8.867408397268030230e-05
8.453966403205843646e-05
7.925925633044533520e-05
7.302016912430611467e-05
6.611340352064965615e-05
5.888096086571439252e-05
5.166518722958445079e-05
4.474559824521975350e-05
3.830662174265162120e-05
3.248806644158725598e-05
2.738145098051517388e-05
2.300314520171202606e-05
1.931086759031280038e-05
1.621625312636826332e-05
1.360022496076375071e-05
1.139477180359025410e-05
9.565236314011481251e-06
8.054889122266881325e-06
6.806550003469648624e-06
5.768764664913105196e-06
4.899203476424138982e-06
4.168615919019782488e-06
3.556535554615560199e-06
3.044766856084293433e-06
2.616233440181085698e-06
2.256755596184695963e-06
1.955770697434197860e-06
1.705095435307037425e-06
1.496540032166898038e-06
1.320908826445160459e-06
1.171427330219454965e-06
1.040374344709349991e-06
9.079862144808321199e-07
7.785106735005868439e-07
6.773830901504355201e-07
5.975774246576970035e-07
5.264965001104144163e-07
4.618119271519423379e-07
4.047992055983199862e-07
3.544424902855337170e-07
3.077949739502675947e-07
2.639353234569246122e-07
2.250088245119558952e-07
1.936491715789001686e-07
1.700646128009101801e-07
1.517931322841945792e-07
