4.464131208270413014e-11
4.084090410348032338e-11
3.737173495161627615e-11
3.420314215138201366e-11
3.131213727928183576e-11
2.867034684107201458e-11
2.625717826772172384e-11
2.405444692258169002e-11
2.203861166943245701e-11
2.019436644531714525e-11
1.850733187627517438e-11
1.696395845062088413e-11
1.555310690591206419e-11
1.426242814912569795e-11
1.308044951817528516e-11
1.199878411294483681e-11
1.100850325295151578e-11
1.010203218859388979e-11
9.271298423349971563e-12
8.510707395441570320e-12
7.812625176278738069e-12
7.173761952526026054e-12
6.587726030707392714e-12
6.049235631682595147e-12
5.555349147547538797e-12
5.102343798944168995e-12
4.688247076921381295e-12
4.306548489183718864e-12
3.956684031530736703e-12
3.635766343143407693e-12
3.342127128239888314e-12
3.072847416542761535e-12
2.825806772285767378e-12
2.596623847020525420e-12
2.386337801729984082e-12
2.195243437821804974e-12
2.018832853261751497e-12
1.858214292769611917e-12
1.710548519249512046e-12
1.573816726793506474e-12
1.447308484996776130e-12
1.331635053405523927e-12
1.226324867751632938e-12
1.129026755861825335e-12
1.039367876585478475e-12
9.577501666975471291e-13
8.821854753443784659e-13
8.118240464661399125e-13
7.475721594937320721e-13
6.892729581718505945e-13
